	Importaciones	Exportaciones	Importaciones	Exportaciones	Importaciones	Exportaciones	Importaciones	Exportaciones	Importaciones	Exportaciones	Importaciones	Exportaciones	Importaciones	Exportaciones	Importaciones	Exportaciones	Importaciones	Exportaciones	Importaciones	Exportaciones	Importaciones	Exportaciones	Importaciones	Exportaciones	Importaciones	Exportaciones
TOTAL	3673362.8	2660392.9	272701.6	201620.8	262029.5	191638.8	328208.8	218353.3	318242.9	209182.6	283658	199068.1	312411.2	260400.5	324429.2	247696.5	299016.2	239515.1	287280.3	225136.4	315410.4	224341.8	338528.8	210930.6	331445.8	232508.5
INDUSTRIAS AGROPECUARIAS	227952.8	583788.3	19251.7	46707.1	18627.8	43618.5	11519.6	53139.5	21510.1	56517.7	13330.6	55153.9	20762.8	54943.5	22388.4	54778.1	16471.6	47531.8	17607.8	42212.7	15204.7	35359.2	19633.8	32901.9	31644	60924.4
AJO	0	0	0	0	0	0	0	0	0	0	0	0	0	0	0	0	0	0	0	0	0	0	0	0	0	0
ALGODON	31671.3	0	3704.4	0	1490.1	0	1907.5	0	1962.3	0	1892.6	0	5030.2	0	2563.8	0	3677.8	0	676	0	1295.1	0	4180.1	0	3291.5	0
ANIMALES VIVOS DE GANADERIA	608.6	8	6	0	238.2	0	14.5	1.5	0	1.5	15.6	0	0.7	0	0	5	7.1	0	0	0	9.6	0	0	0	317	0
ANIMALES VIVOS DIVERSOS	150.6	0.1	14.8	0	12.3	0	11.3	0	13.6	0	10.2	0	15.4	0	19.8	0	14.2	0	4.6	0	18.8	0	14	0.1	1.6	0
ARROZ	20037.7	8.9	943.5	0	4882.8	0	734	3.6	3364	0	3726.5	0	2127.9	1	2725.8	0	0	0	0	2.1	109.2	0	136.1	0	1287.8	2.1
AVES DE CORRAL VIVAS	2712.2	0	191	0	208.6	0	344.3	0	201.7	0	237.1	0	67.9	0	311.3	0	272.1	0	133.2	0	286.7	0	226.4	0	231.8	0
BANANO	2160.7	227676.1	0	11269.9	152.1	19214.9	160	20223.6	86.8	18103.7	352	15943	173.7	21122.9	255.9	18345.7	571.4	19124.3	182.8	20282.3	77.7	19773.3	77.7	15195.1	70.6	29077.4
"BULBOS, RAICES Y PLANTAS ORNAMENTALES"	9132	25560.4	505.7	3062.9	264.6	3482.9	684	2512.5	1149.9	988.9	369.3	1348.1	480.7	1543	888	3069.1	1110.7	1783.8	1079.6	1433.9	1016.6	1366.3	924.6	2491.8	658.5	2477.4
CACAO	0	0.2	0	0	0	0	0	0	0	0	0	0	0	0	0	0	0	0.1	0	0	0	0	0	0	0	0
CAFE	0.4	141947.5	0	9518.9	0	9976.9	0	15396.8	0	15898.3	0	19328.4	0.2	18318.7	0	17320.8	0	14157.7	0	5421.9	0.1	4351.1	0.1	3239.6	0	9018.3
CARDAMOMO	0	1731.3	0	202.8	0	327.7	0	49	0	171.7	0	115	0	130.9	0	147.6	0	179.1	0	47.3	0	114.1	0	150.4	0	95.8
CAUCHO NATURAL (HULE)	3287.3	3419	336.8	485.5	549.4	331.4	264.7	102.1	250.2	312	201.7	161.3	161.6	212.1	476.3	677.4	151.1	384	285.8	93.6	364.3	281	156.5	255.1	89	123.5
CEBOLLA	3.2	893.5	0	90.7	0	80.7	0	100	0	89.5	0	60.7	0	53.7	3.2	87.4	0	60.5	0	72.9	0	60.1	0	65.2	0	72.1
"CEREALES DIVERSOS (CENTENO, CEBADA, AVENA, SORGO, ETC)"	121	4.3	4.2	0.1	0	0	11.6	1	28.2	0	26.3	0	0	0.7	7.4	1	0.1	0	0	0.7	35	0	8.2	0.7	0	0.1
ESPECIAS	106.3	332.3	4.7	0.1	14.3	17	13.4	8	6	19.6	14.8	80.9	4.8	24	6.8	72.4	9.8	0.5	1.4	27.7	17.7	13.3	2.4	27.7	10.3	41
FLORES Y FOLLAJES	94.4	7150.4	0	465.7	0.4	1050.9	2.6	463.3	0.1	788.6	12.6	837	1.4	570.1	0	497.2	3.4	455.3	6.9	574.5	1.5	502.6	65.4	458.7	0.1	486.6
FRIJOL	41.6	483.2	3.1	37.5	8	27.8	4.8	43.5	4.3	36.4	2.8	53.1	5.2	49.2	1.7	28.1	3	19.7	1.2	25.7	2.4	38.6	5.2	45.8	0	78
"FRUTAS FRESCAS, SECAS O CONGELADAS"	9845.4	76933.1	138.5	12566.4	159.2	2326.7	161.1	6988.6	330.9	14638.3	117.1	9283.9	158.9	4786.8	389.6	6057	553	1785.2	806.5	2043.2	829.4	1449	2337.9	3160.6	3863.4	11847.4
HUEVOS DE AVES	464.2	0	12.6	0	25.7	0	8	0	24.9	0	41.2	0	64.1	0	51.7	0	26.3	0	37.2	0	57.7	0	59.7	0	54.9	0
LEGUMBRES Y HORTALIZAS	3382.5	60971.2	145.9	5923.8	105.1	4814.4	385.1	5743.8	135.2	3615.6	446.7	4538.6	400.7	3673.9	959.3	6089.2	112.4	5792.5	65.1	6164.4	172.9	4861.8	377.1	4569.4	77	5183.7
MAIZ	83850.7	5.3	2465.5	0	7032.5	0.1	4421	0.7	7485.5	0.6	5241.3	0.1	8190.4	0.2	8138.3	0.5	5371.8	1.2	9384.3	0.4	7721.8	0	5953.2	1.3	12445	0.1
MANZANA	3145.9	0	195.5	0	247.2	0	147.4	0	7	0	0	0	0	0	0	0	0	0	0	0	59.9	0	695.8	0	1793.2	0
MATERIAS VEGETALES	40.6	59.2	0	0	0.6	7.6	0	0	0	0	1.5	4.2	11.1	0.3	0	21.5	11.1	2.5	0	4.8	1.5	0	13.2	11.4	1.5	6.7
MIEL DE ABEJAS	20.3	229.1	0.5	0	1.6	0	0.5	1.5	5.6	0	0	0	2.3	179.6	0	0	1.1	0	0	45.2	8.7	0	0	2.8	0	0
OTROS PRODUCTOS DEL REINO ANIMAL Y VEGETAL	2589.1	259.8	87.1	0	342.2	0.2	117.6	1.7	429.4	75.3	435.2	3.8	107.5	0	152.4	33.2	85.1	0	138.1	0.7	280.4	8.3	128.1	51.5	286	85.1
PAPA	109.5	18.3	0	1.3	1.6	1.7	17.3	1.8	2.1	1.4	2.5	1.9	7.5	1.1	0	1.5	27.9	1.1	0.9	1.4	30.3	1.5	6	1.6	13.4	2.1
PIMIENTA	163.5	708.5	14.1	135.5	8.6	53.1	21.8	53.7	21.7	0	1.4	0	0.5	0.4	1.9	0	17.4	106	27.1	93.1	11.1	166	1.8	7.8	36	92.9
"PLANTAS, SEMILLAS Y FRUTAS PARA USO MEDICO Y PERFUMERIA"	969.4	0.5	107.7	0	6.9	0	158.5	0.5	110.6	0	33	0	125.8	0	110.8	0	16.5	0	124	0	25.2	0	132.6	0	17.7	0
PLATANO	440	17067.8	0	1265.9	6.8	1031.8	0	929.7	0	1112.3	108.9	1702.8	267.1	1660.1	27.2	1719	13.5	1614.8	6.8	1460.4	0	1648.5	9.1	1331.6	0.5	1591
SEMILLA DE ALGODON	0	0.7	0	0	0	0.6	0	0	0	0	0	0	0	0	0	0	0	0	0	0	0	0	0	0	0	0
SEMILLA DE AJONJOLI	0.2	7434.8	0	1201.2	0	871.7	0	511.8	0.1	266	0.1	327.9	0	441.7	0	602.2	0	358	0	660.9	0	696.9	0	853.7	0	643.1
TABACO EN RAMA O SIN ELABORAR	0.2	10875.3	0	478.7	0	0	0.2	0	0.1	397.7	0	1363.3	0	2173.2	0	2.2	0	1705.5	0	3752.5	0	22.4	0	979.9	0	0
TRIGO	52803.9	0	10370.2	0	2869.1	0	1928.4	0	5889.7	0	40.3	0	3357.3	0	5297.2	0	4414.8	0	4646.2	0	2771.3	0	4122.4	0	7097	0
YUCA	0.1	9.3	0	0	0	0.6	0.1	0.7	0	0.5	0	0.1	0	0	0	0	0	0	0	3	0	4.3	0	0	0	0.1
INDUSTRIAS MANUFACTURERAS	2825590.9	1887670.4	199816.2	136850.3	200518.4	138068	255735.1	150185.4	246977.5	133066.1	221904.2	137852.5	250807	187167.4	246714.7	170528.4	233130.1	178808.1	220565.8	162732.8	253127.6	179986.2	251679.3	153390.2	244615.1	159034.9
ABONOS Y FERTILIZANTES	89037	35.8	848.2	0	1831.1	0	6159.7	23.5	14577.4	0	7091.6	12.3	22629.5	0	9321.5	0	8858.4	0	5947.8	0	2095.8	0	7615.5	0	2060.4	0
ACEITE DE SEMILLA DE ALGODON	301.3	0	0.2	0	0.1	0	0	0	0.6	0	0	0	292.8	0	0.3	0	1.9	0	0	0	0	0	5.4	0	0	0
ALIMENTOS PREPARADOS PARA ANIMALES	65171.5	95.7	5834.2	6.6	6614.5	0	3349.5	0	10760	0	3346.5	0	7422.4	20.6	4006	0	2862.4	5.8	5114.8	8.7	3169.3	0	7288.6	47.2	5403.2	6.7
APARATOS ELECTROMECANICOS DE USO DOMESTICO	41796.4	942.2	2826.4	4	2856.5	64.1	3303	84.4	4252.1	1	3484.3	16.9	2752.1	5	3063.8	19.3	2352.3	43	2940.7	356.5	3982.4	127.3	5180.5	183.3	4802.3	37.3
APARATOS DE REGISTRO Y REPRODUCCION DE SONIDO	6460.5	36.9	302.1	0.3	356.3	3.5	419.7	0.4	474.1	0.2	410.4	0.1	477.7	0.7	471.1	1.1	780.5	0.4	645.3	11	668.5	18.9	649.3	0.1	805.7	0.2
APARATOS TRANSMISORES Y RECEPTORES	169009.8	566.6	8278.9	108.7	10699.2	0.3	19531.5	27.1	12099.9	0.6	12471.4	0.1	16093.3	39.5	20174.3	291.5	12084.6	17.5	15141.5	25	12135.6	12.9	12295.8	11.3	18003.9	32.3
ARMAS Y MUNICIONES	901.5	11.3	163.9	0	78	0	60.7	0	129.1	0	63.2	1.2	26.5	1.9	75.7	1.1	107	0.7	76.3	0	70.4	5.4	20.8	0	30	1
ARTICULOS DE VESTUARIO	66028.3	1510116	5471.8	97336.1	4805.9	116233.6	5703.8	126664.6	5857.5	109129.4	5738	116374.2	4864.1	146951.8	4894.6	122992.3	6130.9	144176.2	5231	126117.8	5811.2	154134	5831.7	122987.4	5687.8	127018.6
AVES DE CORRAL BENEFICIADAS	26007.9	0	1522.4	0	1383.5	0	1548.4	0	2322.4	0	2134.7	0	1549.6	0	1677.2	0	2483.9	0	2067.2	0	2635.2	0	3181.6	0	3501.9	0
AZUCAR	50.1	52165.5	5.6	2914	1.2	0	0.8	1080.4	6.9	0	0.8	0	0.4	15203.4	2.2	11121.8	7.5	8280.4	16.6	7310.5	2.3	0	2.8	1098.4	3	5156.5
AZUCARES Y ARTICULOS DE CONFITERIA	7207.8	1451.1	652.8	173.2	486.1	148.8	530.7	64.8	441.7	32.1	523.6	84.6	508.7	94.9	577.2	209	563.9	99.7	928.4	168.3	889.1	88.6	752.3	219	353.4	68.1
BATERIAS ELECTRICAS	8172.6	19.6	762.5	0.1	510.3	19.5	751.1	0	446.1	0	745.4	0	540.1	0	577.3	0	598.3	0	537.5	0	773.5	0	824.2	0	1106.4	0
BEBIDAS LIQUIDOS ALCOHOLICOS Y VINAGRES	3979.9	2403.3	242.7	221.5	240.3	96.4	260.1	150.2	265.9	145	379.2	277.8	245	313.7	228.2	303.4	430.9	154.6	366.2	105.8	600.2	343.4	347.6	208.1	373.7	83.7
BORRA DE ALGODON (LINTERS)	1610.1	0	0	0	11.2	0	0	0	0	0	5.6	0	11.5	0	1418.8	0	136.1	0	4.3	0	0	0	11.2	0	11.4	0
CAFE SOLUBLE Y MOLIDO	293	51.3	33.1	0	4.4	0.2	38.5	1.1	8.3	0.1	32	0.5	36.8	49.2	18.2	0.1	27.5	0.1	0.4	0	69.4	0	10.5	0	13.9	0
CALZADO	12965.9	1998	754	68.2	586.5	139.6	1070.4	193.8	746.4	130	890.6	254.6	715.2	131.8	931.2	326.2	1047.7	73.5	953.3	265.3	1325.1	194.3	1982.9	80	1962.4	140.7
CAMARON Y LANGOSTA	5964.8	34578.3	459.9	3069.7	53.8	2917.9	443.6	1152.1	45.9	2182.8	799.9	1402.9	778.2	1568.7	524.3	2118.4	1608.6	3139.7	575.9	4726.8	96.8	4303.2	470.7	4480.9	107.2	3515.2
CARNE	5235.1	0	528.8	0	416.3	0	518.4	0	260	0	367.9	0	308.9	0	371.7	0	399.5	0	416.8	0	352.9	0	671.8	0	622.2	0
CERAS	1740	11058.9	118.5	1592.9	127.1	384.1	132.2	743	206.5	768.8	135	537.2	125.8	591.8	121.4	1703.2	153.8	1059.5	185.2	51.4	131.6	1190.7	170.1	1881.1	132.9	555.1
CLAVOS Y TORNILLOS	4872.5	94.6	276.1	9.2	355.9	7.8	513.5	11.4	563.1	7.9	388	7.9	552.2	6.4	395.5	7.2	380.5	6.9	186.2	7.8	411.8	7.4	495.5	6.7	354.4	8.1
DETERGENTES Y JABONES	5497.8	10308.4	487.6	459.6	338.3	893.6	551.3	1036	541.9	698.9	427.7	997.8	336.7	710.3	579.5	923.5	524.4	860.3	333.9	1119.7	529	1270	510.7	426	336.8	912.6
"DISCOS, MATRICES Y CINTAS (DE GRABACION)"	5227.8	31.9	410.9	6.3	373.2	0.2	543.1	1.9	457.4	1.4	375.1	0.1	478.7	1	447.6	2.2	392.5	0.6	432.7	13.9	421.1	1.3	483.1	1.9	412.5	1.1
GLICERINA CRUDA	0	0	0	0	0	0	0	0	0	0	0	0	0	0	0	0	0	0	0	0	0	0	0	0	0	0
GRASAS Y ACEITES COMESTIBLES	85588.9	516.8	8048.4	37.3	7277.9	110.4	6678.1	44.1	10283.5	40	4315.5	49.8	10225.9	9.7	5235.9	25.6	8649.1	37.8	2284.7	24.4	9265.1	15.8	2754.7	48.2	10570	73.8
HARINAS DE CEREALES	6629.2	10	691.7	0	152.4	0.6	297.9	1.7	314.4	0	686.1	0	417.5	2.5	644.6	0.6	750.1	0	252.6	0.2	603	0	807.4	1.8	1011.5	2.5
HERRAMIENTAS ARTICULOS DE CUCHILLERIA	11371.8	401.4	813.6	3.8	1003	1.3	1124.9	0.3	943.2	164.9	824.3	8.5	895.1	5.6	815.4	3.5	900.2	8.1	812.4	0.2	1363.8	82.1	916.4	1.3	959.7	121.7
HILOS E HILAZAS	107204	6010.4	9739.1	210	8566.1	917.3	9794.8	396.8	10611.9	249.8	10026.3	592.4	9483.1	1184.2	9971	470.5	9956.5	414.3	7791.6	445.2	7678.5	400.4	7159.5	454	6425.7	275.4
"INSECTICIDAS, FUNGICIDAS Y DESINFECTANTES"	26759.6	668.2	1714.5	299	1865	35.6	2355	22.5	2986.3	13.1	3128	256.8	3939.9	0	3428.7	0	1500.5	22.9	1660.1	7.9	1654.1	0	944.9	5.5	1582.6	4.9
INSTRUMENTAL MEDICO Y OTROS	51452.2	9864.8	4786.3	502.2	3207.4	273.2	4774.2	72.9	3816.3	1374.5	4299.6	118.8	4083.9	110.5	4370.5	2495.6	4351.4	1336	4465.6	1016.4	4467.4	634.1	4361.7	1085.3	4467.9	845.3
JOYERIA DE FANTASIA	15.6	0	0	0	1.6	0	1.6	0	0.6	0	0	0	3.8	0	0.6	0	1.2	0	1	0	2.9	0	0.5	0	1.6	0
"JUGUETES, JUEGOS Y ARTICULOS DE RECREO Y DEPORTES"	24361.7	11852	1351.3	43.2	1230.7	114.2	1700.1	276.2	1360.4	159.3	1444.7	254.5	1741.9	748.1	1817.2	1427.3	1955.6	1151.6	2454.2	2562.9	3539.2	3410.3	2857.4	1550	2909.1	154.3
LAMINA Y ALAMBRE	23116.6	1514.8	875.7	162.9	1278.1	198.6	4261.1	454.6	795.9	138.5	2434.1	121.2	2622.2	211.5	1373.7	226.2	1294.3	0.7	1252.7	0	2549.6	0	3154.3	0	1224.7	0.4
LECHE Y OTROS PRODUCTOS LACTEOS	14284.2	102.5	612.9	3.1	809.7	42.7	2915.9	2.9	1858.7	4.6	628	3.3	487.7	2	1220.3	5	698.7	14.6	1936.4	2.4	520.9	3.4	878.2	6.6	1716.8	12
MADERA EN TROZA	157.9	9.3	0	0	0	0	4.6	0	0	9.3	11.3	0	0	0	77	0	35.3	0	22.6	0	7.2	0	0	0	0	0
MANUFACTURAS DE CAUCHO	10657	8341.8	859.7	622.1	628.2	480.2	1029.7	648.2	1117.7	669.3	725.8	555	1016.8	1186.4	837.8	780.7	970.6	678	781	680.7	1110.7	563.5	853.7	776.7	725.3	701.1
MANUFACTURAS DE CERAMICA	3789	7974.2	311.4	612.1	225.2	595.1	372.9	740.7	331.6	612.9	337.9	642.2	240.6	644.1	352.8	759.8	291.1	659.7	330.1	571.9	307.7	790.4	278.9	476.2	408.9	869.1
MANUFACTURAS DE CUERO	2907.9	14148.6	123.8	1141.6	327.7	1486	250	1286.3	239.5	1352.6	475.4	1419.4	199.4	1405.9	180.7	998.9	241.8	1569.7	196.7	845.7	274.2	1025.8	204	731.4	194.7	885.2
MANUFACTURAS DE MADERA	5961.6	26181.8	362.6	2738.4	273.3	2096.3	644.6	2366.3	401.1	2309.2	453.9	1433	474.3	3454.4	408.2	2297.8	448	2136.1	489.8	1899.4	484.3	1805.7	903.4	1981.9	617.9	1663.4
MANUFACTURAS DE PAPEL Y CARTON	74207.5	23062.1	5616	2542.4	5873.6	1716.2	7065.7	1310.2	6213.7	3287.9	5406.1	1871.7	5068.8	1377	6024.7	1296.8	5835.1	2151.6	5464.6	2145.3	5523.8	1710.7	8592.9	1569.9	7522.4	2082.5
"MANUFACTURAS DE PIEDRA, CEMENTO, YESO, ETC"	1879.3	670.4	326.7	99.2	145.6	19	186.4	40.5	133	41.8	108	129	139.5	43.2	182.1	52.9	203.4	72.4	140.3	66.1	90.5	10.6	88.8	83.6	135.1	12.1
MANUFACTURAS DE PIEDRAS Y METALES PRECIOSOS Y SEMI PRECIOSOS	4501.5	31254	99.9	3001.1	162	2683.8	184.7	3518.3	361.8	1781.5	400.9	3020.1	366.3	2582.2	166.5	2820.6	914.6	2243.9	604.1	2417.6	511.6	1617.2	547.9	3033.9	181.3	2533.9
MANUFACTURAS DE PIELES	52.9	133.7	2.2	10.3	10	15.9	10.4	25.2	1.2	35.3	0.1	7.2	0	6.2	0	0	0	10.7	0	5.5	1.2	0	27.7	10.9	0	6.7
MANUFACTURAS DIVERSAS	54867.6	639.3	4286.2	9.3	3552.1	19	5105.3	16.3	4115.1	20.2	5096.2	73.6	3895.3	60.7	4591.1	67.4	4298.7	115.7	3927.9	71.7	5874.6	37.6	6310.8	101.9	3814.2	46.1
MAQUINAS Y APARATOS MECANICOS PARA USOS ELECTROTECNICOS	362002.9	5772.4	25301.5	650.3	31307.7	270.6	35103	630.4	29223.3	276.5	28508.9	260.6	26536.9	298.4	27954.1	494.1	29454.5	579.1	26531.2	1079	38441.2	565.1	33037	272.6	30603.8	395.8
MATERIALES PLASTICOS Y SUS MANUFACTURAS	236241.8	12350.6	18183.9	521.6	16585.3	1008	19946.5	1003.3	19060.3	1092.2	19290.4	1310.9	20689.6	1148.1	18379.5	795.2	16796	911.3	18889.8	1050.2	24109.5	839.6	23078.5	1145.6	21232.4	1524.8
MATERIALES TEXTILES (TEJIDOS O TELAS)	312918.6	5015.6	22492	433.5	19242.2	453.4	29086.4	241.7	26196.7	241.9	26258.2	716.9	27842.6	505.1	28253.7	691.9	28952	261.6	27623.4	217.7	29540.6	341.4	27218.7	353.7	20212.1	556.9
MELAZAS DE AZUCAR	0.1	22966.9	0	12720.5	0	0	0	289.2	0.1	0	0	0	0	912	0	9045.1	0	0	0	0	0	0	0	0	0	0
MOTA DE ALGODON	240.8	46.9	12.6	0	0.1	18.5	71.8	0	0	0	42.8	0	0.1	0	40.8	0	0	0	16.4	19	56.2	9.4	0	0	0	0
"MUEBLES PARA EL HOGAR, OFICINA, MEDICOQUIRURGICO, ETC."	13156.3	5810	749.2	628	857.7	338.7	1147	555.1	1221	501.2	1141.3	392.5	1258.2	468.9	1153.4	426.9	962.5	624.9	1063	663.2	1139.1	197.8	1430.7	383.9	1033.1	628.9
NEUMATICOS Y TUBOS	20411.8	169.1	1753.9	56.8	1794.7	0	2026.6	58.8	1500.5	0.1	1693.9	0	1787.2	0	1279.4	53.5	1769.7	0	1530.6	0	1696.1	0	2004.8	0	1574.5	0
"OBJETOS DE ARTE, PARA COLECCIONES Y ANTIGUEDADES"	303.9	35.2	3.5	0.9	49.3	0.5	111	0.9	7.5	0.4	61.5	0.1	8.7	1.6	13.9	3.3	7	2.5	3.5	0.3	17.1	0.8	9.1	1.3	11.8	22.5
OTRAS MANUFACTURAS DE METALES COMUNES	26695.4	2124.6	1877.6	229	2251.6	142.4	2731.3	179.5	2251.8	102.1	2125.7	161	2458.3	217.2	1937.7	164.8	1960.2	183.8	2179.2	96.9	2223	241	2614.4	172.1	2084.6	234.8
OTROS ACEITES ESENCIALES	3224.9	292.5	132.9	0	187.9	22.3	648.9	30.3	157.7	15.1	267.2	26.3	241.4	27.3	330.4	43.1	333.1	21.9	136.5	48.2	414.5	8.2	213.4	33.9	161	15.8
PAPEL Y CARTON	110894.8	56	7890.6	13.5	9598.3	0.1	10016.2	13.9	8484.4	0.1	9308.3	0.7	8066.9	11.8	7064.4	0.2	10093	0.1	7728.5	5.7	10701	0.1	12133.7	9.9	9809.5	0
PESCADO Y MOLUSCOS	1097.2	1400.5	76.6	54.9	111.2	65.6	200.2	72.8	78.9	56.8	57.2	62.5	74.8	72.5	59.2	108.1	86	175.8	65	120.2	87.5	254	84.8	221.3	115.8	136.1
PIELES Y CUEROS	0.1	0	0	0	0	0	0	0	0	0	0	0	0	0	0	0	0	0	0	0	0	0	0.1	0	0	0
PINTURAS Y BARNICES	27604.8	225.2	1894.1	0	2068.7	9.2	2884.8	76.2	2494.7	0	1847.2	0.9	2331.1	12.7	2248.8	58.1	2475.2	0	2603.9	5	2659.8	28.4	2079.4	34.7	2017.1	0
"POLVORA, EXPLOSIVOS Y ARTICULOS DE PIROTECNIA"	78.6	0	2	0	8	0	0.1	0	11.6	0	13.3	0	1.6	0	0	0	9.8	0	0	0	13.3	0	13.2	0	5.7	0
PREPARADOS A BASE DE CEREALES	20135.1	2307.6	1376.5	188.1	2202.3	152	1436.9	189.4	1919.2	221.4	1536.6	205.4	1867.8	234.2	2369.7	190	1065.4	207.6	1669.3	212.4	1230.4	155.9	1852.9	188.8	1608.1	162.3
"PREPARADOS DE CARNE, PESCADO, CRUSTACEOS Y MOLUSCOS"	17372.4	5786.8	1551.6	327	1571.7	363.1	1946.7	352.7	832.5	314.7	1271.5	294.8	941.2	383.4	1320.5	593.3	1568.5	579.5	1456.7	840.4	1450.1	509.1	1923.7	457.1	1537.6	771.8
PREPARADOS DE LEGUMBRES Y HORTALIZAS	7400.6	7918.3	545.9	320.3	432.3	527.1	469.8	495.1	520.9	605.8	535.2	998.6	314.7	511.8	561.7	481	562.7	896.2	563.6	867.8	954.6	555	1183.5	860.1	755.7	799.5
PREPARADOS DE FRUTAS	7175.5	2037.9	437.7	97.8	541.5	155.9	765.9	215.2	538	213.6	206.8	252.8	494.1	132.8	693.4	171.8	481	62.2	658.4	109.6	852.7	108.3	1152.4	297.3	353.6	220.5
"PRODUCTOS DE PERFUMERIA, TOCADOR Y COSMETICOS"	16282.6	2904.5	1132.8	733.2	1173.3	194.9	1310.8	366.5	1432.7	21.8	1346.8	388.1	1172.1	39.8	1305.4	101.9	1261.5	129.6	1413.8	179.4	1513	209.9	1754.9	261.6	1465.5	277.7
PRODUCTOS DIVERSOS DE LA INDUSTRIA QUIMICA	96641.8	8725.2	6729.1	893.2	5076.6	1182.9	8407.8	997.7	8843.3	554.7	6304	1.8	7021	15.8	10166.2	9.5	9179.9	270.4	7836.7	1840.8	8658.6	493.8	10043.5	939.6	8375	1525
PRODUCTOS FARMACEUTICOS	28695.1	3714.5	1998	478.6	1933.5	162	2897.9	157.5	1831.2	682.2	2028.9	194.4	2101.4	22.8	5227.6	492.5	1438.9	383	1846.2	110.1	1706.6	280.3	2444.5	305.4	3240.4	445.7
PRODUCTOS FOTOGRAFICOS Y CINEMATOGRAFICOS	12606.7	1.9	765.1	0.1	743.8	0	1208.1	0	850.5	0	798.9	0	1078.3	0	1050.1	0	1199	0	1033.5	0.9	1199.2	0.9	1365.8	0	1314.2	0
"ROPA DE CAMA, DE MESA, TOCADOR, COCINA Y BA&O"	4012.5	20123.2	234.5	361.7	343.5	1163.8	364.5	1183.7	290.5	2136.1	251.2	1494.7	425.6	1707.3	243.8	1196.9	208.6	2429.9	279.2	922	348.5	1195.3	535.5	3561	487.4	2770.7
"SALSAS, CONDIMENTOS Y SAZONADORES COMPUESTOS"	3997.4	244.6	355.4	21.5	263.3	17.1	376.1	22.8	245.3	28.2	336	11	391.6	12	375.4	22.4	343.8	4.9	293.5	28.6	433	23.8	337.7	13.9	246.3	38.3
"SOMBREROS, PARAGUAS, TAPASOLES, OTROS"	807.6	607.2	30.4	47.8	87.8	63.7	63.3	42.3	64.5	113.2	36	106.6	59.1	57.2	69.8	92.4	80.3	23.4	80.8	14.8	117.4	17.8	46.5	18.3	71.8	9.7
TABACO ELABORADO	43.8	9.7	0	0	0	8.4	0.8	0	0	0	1.6	0	0.9	0	11.6	0	16.2	0	0.8	0	8.6	1.3	0.9	0	2.3	0
TUBERIA Y SUS ACCESORIOS	18440.8	4957.9	825.8	4.4	1328.7	0	1262	476	1403.7	424.5	1483.7	141.5	1343.3	1160.7	1467.6	1346.5	2397.2	452.8	1511.1	188.7	1939.3	122.7	1960.6	214.9	1517.7	425.3
VEHICULOS Y MATERIAL DE TRANSPORTE	433408.2	2652.6	32461.4	49.2	31610.3	28.4	36426.1	72.3	36629.2	91.7	34117.6	300.8	35810.6	481.1	41080.2	186.4	34582.2	61	36029.5	1044.3	38986.3	11.8	32033.9	90.1	43640.8	235.7
VIDRIO Y SUS MANUFACTURAS	6401.1	91.6	399.4	10.6	428.1	4.6	636.7	3.4	538.5	8.8	420.6	4.8	439.1	8	480.1	9.9	616.6	4.2	551.3	15.9	628.6	9.4	679.5	2.5	582.6	9.7
INDUSTRIAS EXTRACTIVAS	619819.1	188934.3	53633.7	18063.4	42883.3	9952.3	60954	15028.4	49755.3	19598.8	48423.2	6061.7	40841.5	18289.6	55326.1	22390	49414.4	13175.2	49106.8	20190.8	47078.1	8996.4	67215.8	24638.5	55186.8	12549.2
ALUMINIO	5817.8	5174	442.6	223.4	387.8	362.3	522.4	411.1	563.2	452.5	376.1	336.3	524.3	610.6	536.8	497.2	412.9	475.5	409.6	393.9	640.2	469.9	528.1	428.8	473.8	512.5
ANTIMONIO	28.3	0	0	0	0	0	0	0	0	0	9.2	0	0	0	14.2	0	0	0	0	0	4.9	0	0	0	0	0
ASFALTO	602	0.8	84.6	0	60	0	53.3	0	28.9	0	43.9	0	52.3	0	9.9	0	105	0	13.4	0.8	73.6	0	0	0	77.1	0
CEMENTO	84.7	0	0.4	0	0	0	4.7	0	0.4	0	0	0	0	0	2.8	0	0	0	51.7	0	2.2	0	0	0	22.5	0
COBRE Y SUS MANUFACTURAS	631.1	127.6	65	4.8	12.9	12.7	86.9	4.8	46.9	13.4	22.6	14.3	131.8	13.6	48.1	10.2	36.2	8.4	111.4	16.5	15.2	2.9	21.8	12.6	32.3	13.6
DESPERDICIOS Y DESECHOS DE METALES (CHATARRA)	15424.3	1117.1	0	21	4862.4	24	0	10	0.6	10	0	5	0	73.3	10495.5	90.4	4.3	31.2	15.1	164.6	0	316.1	0.1	170.9	46.3	200.6
ESTA&O	158.5	0	1	0	37.7	0	4	0	0.7	0	1.8	0	0.5	0	41.3	0	3.1	0	2.4	0	15.9	0	48.2	0	1.9	0
GASES INDUSTRIALES	5898.6	20.4	463.6	20.4	556.4	0	759.2	0	191	0	267.7	0	342.6	0	23.8	0	420.6	0	315.9	0	309.3	0	825.9	0	1422.7	0
GAS PROPANO	45950.1	31.8	4336.1	0	2792	31.8	3598.8	0	2581	0	3513.8	0	2718	0	4118.1	0	5446	0	2679.4	0	4482.4	0	4293.4	0	5391.2	0
HIERRO Y ACERO	60267	23.6	5840.2	0	3940.3	0	4183.4	0.1	4927	0.3	5928.3	15.1	2353.1	5.6	4354.8	0	8781	2.5	3676.4	0	2758.7	0	9990.9	0	3532.9	0
MAGNESIO	17.2	0	3.6	0	0.9	0	2	0	0	0	2.1	0	1.2	0	0	0	4.1	0	1.6	0	1.2	0	0	0	0.5	0
MARMOL	6.9	48.6	0	0.1	0	0	1	1.3	5.3	0	0	0	0	1.3	0.6	0	0	14.2	0	9.9	0	17.2	0	3.3	0	1.3
NIQUEL	71.7	0	0	0	7.5	0	0	0	0.2	0	0	0	23.6	0	0	0	6.3	0	13.6	0	5.3	0	13.7	0	1.5	0
OTROS DERIVADOS DE PETROLEO	437660.1	3146.6	38450.3	260.7	25025.1	46.8	47582.2	293.7	38247	82.4	35135.9	117.8	31125.2	202.5	33112.4	82.2	31551.5	250.7	38357.4	256.7	35391.2	589.1	46687.3	607.2	36994.6	356.8
OTROS METALES COMUNES	4.6	0	0.2	0	0.1	0	0.4	0	0	0	0.3	0	0	0	0	0	0	0	0.1	0	0	0	0.5	0	2.9	0
PETROLEO	0	178739.8	0	17532.9	0	9473	0	14306.1	0	19035.1	0	5572	0	17381.3	0	21708.9	0	12386.6	0	19345.5	0	7601.2	0	23414.7	0	10982.5
PIEDRAS Y METALES PRECIOSOS Y SEMI PRECIOSOS	26158.8	482.9	1804.3	0.1	3620.4	1.8	2940.1	1.3	2203.9	0	1029.4	1.1	1984.5	1.3	1325.6	1.3	1122.7	0.1	2311.7	3	1626.5	0.1	3341.1	0.9	2848.7	472
PLOMO	47.5	10.5	3.6	0	0.4	0	5.8	0	0.8	4.5	11.7	0	4.8	0	3.2	0	2.4	6	8.2	0	0.9	0	5	0	0.6	0
PRODUCTOS MINERALES DIVERSOS	9414.9	10.8	1074.1	0	786.5	0	689	0	406.3	0.7	864.4	0	667.5	0	703.8	0	797.9	0	608.6	0	1365.9	0	595.2	0	855.8	10
ZINC	11574.8	0	1064.2	0	793	0	520.8	0	552.1	0	1215.9	0	912	0	535.3	0	720.4	0	530.4	0	384.8	0	864.6	0	3481.3	0
PRODUCTOS NO ESPECIFICADOS	0.1	0	0	0	0	0	0	0	0	0	0	0	0.1	0	0	0	0	0	0	0	0	0	0	0	0	0
