	Importaciones	Exportaciones	Importaciones	Exportaciones	Importaciones	Exportaciones	Importaciones	Exportaciones	Importaciones	Exportaciones	Importaciones	Exportaciones	Importaciones	Exportaciones	Importaciones	Exportaciones	Importaciones	Exportaciones	Importaciones	Exportaciones	Importaciones	Exportaciones	Importaciones	Exportaciones	Importaciones	Exportaciones
TOTAL	4209288.1	2941578.2	309991.6	232705.9	335205	218246.4	340310.6	260778.5	325461.2	259073.6	312737.8	258591.1	339103	237312.3	397387	251072	312667.8	232753	322263.8	220083.3	398980.1	249027.1	370315.8	221103.5	444864.5	300831.4
INDUSTRIAS AGROPECUARIAS	395519.7	1053112.8	30649.1	96583.6	23994.1	85825.1	42264.2	119914.1	37668.3	116038.1	28445.7	100103.6	29866.7	97821.2	49310.3	88740.2	16490.6	68192.2	39855.6	58442.5	24221.9	57931.8	28210.5	66554.2	44542.7	96966.4
ALGODON	33508.1	0	4200.6	0	2175.7	0	3385.5	0	2866.9	0	2449.3	0	2044.7	0	2114.4	0	3062.2	0	2624.2	0	2099.6	0	2405.7	0	4079.2	0
ANIMALES VIVOS DE GANADERIA	338.4	0	0	0	0	0	1.9	0	264.1	0	0	0	0	0	0	0	9.7	0	54.9	0	6.9	0	0.9	0	0	0
ANIMALES VIVOS DIVERSOS	195.8	33.2	18.7	3.3	17.8	1.5	19.2	4.6	6.2	0	16.2	7.5	18.2	4.5	10.3	3.1	22	2.3	11.8	0	21.8	4.3	12.7	0.3	21	2
ARROZ	33579.6	61.4	871.9	17.9	5357.8	0	514.6	5.3	960	0	3054	24.1	2935.4	1.7	5387.6	1.5	1240.4	2.1	3185.2	1.8	875.8	3.5	2200.2	2	6996.8	1.4
AVES DE CORRAL VIVAS	4104.5	0	351.9	0	310.5	0	163.9	0	459.1	0	410	0	337.4	0	299.4	0	411.9	0	403	0	327	0	280.9	0	349.5	0
BANANO	31.5	373331.9	2.1	39354.6	0	26832.2	4.6	33164.2	0	34596.7	2.1	35209.4	4.3	32058.8	0	29703.3	1.4	31161.4	2.3	28776	0	29297.5	10	22601.1	4.6	30576.7
"BULBOS, RAICES Y PLANTAS ORNAMENTALES"	8896.4	25884.1	690.5	2814.5	572.2	2623.2	759.4	1577.2	158.4	1450.7	399.7	736.9	523	3574.8	751.7	3405.7	1286.6	2212.7	962.8	1716.4	1149.7	1943.8	415.7	1451.2	1226.7	2377
CACAO	0	0.5	0	0	0	0	0	0	0	0	0	0	0	0	0	0	0	0.4	0	0	0	0	0	0	0	0.1
CAFE	0.2	283713.1	0	14234.3	0	25376.3	0	36788.4	0	37047.5	0	42115.8	0	42917.1	0.1	29519.4	0	15499.2	0	10541.1	0	9612.7	0	4898.8	0	15162.7
CARDAMOMO	0	4275.5	0	367.7	0	419.6	0	561.8	0	582.6	0	188.7	0	150.3	0	322.6	0	122.5	0	13.3	0	233.6	0	520.2	0	792.7
CAUCHO NATURAL (HULE)	1034.6	19853	42.5	1229.2	98.6	1518.4	182.9	958.6	96.8	1544.7	150.3	1549.9	119.6	1635	93.4	1087	9.9	1460.2	31.4	1586.3	104	2158.4	76.9	2261.6	28.3	2863.7
CEBOLLA	143	1299.3	5.5	132.2	0	99.2	0	85.8	0	107.4	0	85.9	0	83.7	0	153.8	5.7	100	13.6	120.1	98.9	100.4	19.3	89	0	141.7
"CEREALES DIVERSOS (CENTENO, CEBADA, AVENA, SORGO, ETC)"	422.4	155.5	13.9	0.5	51.5	3.2	3.9	1.9	46.3	0	63.8	137.7	10.2	0.9	74.3	3.5	34.1	1.2	62.9	0.2	26	2.4	18	3	17.5	0.9
ESPECIAS	282.7	780.6	22.2	26.3	20.3	18.5	20.6	16	3	188.7	14.1	331.8	63.1	54	34.7	18	8	10.3	22.7	34.3	11.2	34.3	28.5	36.7	34.2	11.7
FLORES Y FOLLAJES	184.5	7464.8	0	472.4	1	680.6	2.6	394.8	4.3	1186	0.8	923.2	0	468.4	0	363.3	0.5	463.5	7.3	776.9	0	690.9	168	446.1	0	598.8
FRIJOL	815.5	6072.2	35.2	488.6	224.5	393	18.6	581.1	22.7	616.4	0.9	520.4	0	397.9	27.5	511.6	110.4	316.2	38.1	303.8	137.1	587.2	199.2	548.5	1.4	807.6
"FRUTAS FRESCAS, SECAS O CONGELADAS"	14480.2	177284.7	1129.7	23438	166	15218.7	201.8	31448.4	108.5	27179.2	165.1	7887.9	331.3	3339.7	402.7	4413.3	832	4380.5	1108.4	3612.8	1720.2	2446	2704.1	23890.5	5610.2	30029.7
HUEVOS DE AVES	2433.2	0	114.6	0	102.1	0	172.3	0	128.4	0	322.5	0	321.5	0	549.8	0	167	0	42.6	0	173.4	0	158.5	0	180.5	0
LEGUMBRES Y HORTALIZAS	5970.6	99905.9	1014.4	10377.9	1187.5	9719.5	248.1	10986.6	290.6	9158.7	381.1	6710.6	280.2	4858.8	882.8	6326.3	741.7	7954.1	133	7537.1	197.3	8279.9	64.1	7531.8	549.8	10464.6
MAIZ	148929.4	615	10159.9	0	11283	0	13326.1	140.4	20354.1	0	13632.2	249.5	8647.4	177.7	20524.6	0	7153.9	0	11926.2	39.3	7836.2	3.1	9388.8	2.9	14697.1	2.2
MANZANA	8577.3	0	871.1	0	690.6	0	364.6	0	201.4	0	234.7	0	288.3	0	297.8	0	146.6	0	403.8	0	936.5	0	1776.2	0	2365.8	0
MATERIAS VEGETALES	78.4	18.2	10.6	0	10.3	0	0	1.9	0	0	0	8.4	0	0	10.1	3.1	10	0	28	1.9	9.4	2.9	0	0	0	0
MIEL DE ABEJAS	0	93.3	0	0	0	0	0	1.2	0	0	0	0	0	5.9	0	0	0	0	0	86.2	0	0	0	0	0	0
OTROS PRODUCTOS DEL REINO ANIMAL Y VEGETAL	6591.5	2318.7	847.6	645.7	35.4	581.6	617	291.3	902.4	64.2	92.4	19.6	137	6.4	223.9	23.3	1117.8	66.4	1263.3	56.8	326.9	92.9	868.3	135.6	159.4	334.8
PAPA	1282.2	4.5	41.9	0	37.9	0	124.8	0	292.3	0	186.8	0	205.4	0	74.9	0	33.5	0	112.3	0	36.3	0	53.2	0.9	82.9	3.6
PIMIENTA	58.8	314.3	4.1	0.5	4.2	0.1	1.9	44.9	0.6	0	10.8	0.1	1.9	57.6	6.7	0.3	2.4	86.4	5.6	29.2	9.7	40.2	5.9	54.7	5.1	0.3
"PLANTAS, SEMILLAS Y FRUTAS PARA USO MEDICO Y PERFUMERIA"	2036.1	78.9	847.9	19.3	46.6	0.2	140.5	0.1	22.2	0	80.3	19.3	36.7	0	82.4	20	21.2	2	140	14.3	79.3	0	62.3	1	476.6	2.7
PLATANO	31.2	19361.4	0	2061.2	0	1030.2	0	1220.9	0.2	1408.9	9.7	1576	18.5	1695.8	0.6	1915	1.7	1734.2	0	1817.9	0.3	1677.2	0	1334.5	0	1889.5
SEMILLA DE ALGODON	57.6	1.2	0	0	0	0	0	0	0	1.2	0	0	0	0	0	0	57.6	0	0	0	0.1	0	0	0	0	0
SEMILLA DE AJONJOLI	358.6	6669.7	257.8	566.7	18.5	841.3	9.8	1101.3	0	292.5	0	763.9	0	1078.3	1.4	386.2	2.5	381.7	0.2	398.6	56.3	400.1	0.2	236.5	12	222.5
TABACO EN RAMA O SIN ELABORAR	0.2	19355.4	0	0	0	0	0	0	0.2	0	0	712.7	0	5123.8	0	10376.3	0	2152.7	0	784.3	0	66	0	97.4	0	42.2
TOMATE	0	4126.7	0	325.6	0	464.7	0	533.3	0	610	0	322	0	126	0	181.3	0	80.6	0	190.2	0	249.3	0	407.9	0	635.8
TRIGO	121092.4	0.3	9094.3	0	1581.9	0	21979.5	0.1	10479.3	0	6768.7	0	13542.4	0	17457.8	0	0	0	17271.5	0	7981.3	0.2	7292.2	0	7643.4	0
YUCA	4.9	39.4	0.2	7.1	0.3	3.1	0.2	4	0.4	2.6	0	2.3	0.2	3.9	1.3	2.5	0	1.3	0.5	3.8	0.5	5.2	0.7	1.8	0.8	1.7
INDUSTRIAS MANUFACTURERAS	2743978.7	1363418.9	204594.4	113256.2	233326.4	106447.5	244942.4	105972.8	220921.4	98803.1	215322	121321.8	219321.2	104823.4	251947.7	103366	227421.9	124487.1	223137.4	117687.2	240777.3	124902.2	222971.7	103126.3	239295.1	139225.2
ABONOS Y FERTILIZANTES	19375	3.3	184.4	0	132.3	0	3162.5	0	3135	0	1645.5	0	6202	0	2320.5	0	2150.7	0	159.8	0	127.3	0	62.9	0	92.2	3.3
ACEITE DE SEMILLA DE ALGODON	5.4	0	0	0	5.1	0	0	0	0	0	0	0	0	0	0.2	0	0	0	0	0	0	0	0	0	0	0
ALIMENTOS PREPARADOS PARA ANIMALES	122475.2	1.5	12352.6	0.1	9695.9	0.1	9033.3	0	10896.4	0.1	11244.7	0	6379.1	0	18335.9	0	8933.7	0	5240.5	0.5	6640.1	0	13307.4	0.8	10415.6	0
APARATOS ELECTROMECANICOS DE USO DOMESTICO	37122	2082	2147.3	1061	2958.2	123.1	3387.8	52	2969.3	289.2	2345	207.9	2597.3	56.3	2715	167.6	3202.2	66.3	3776.1	46.6	4174	9.2	3242.7	2	3607.1	0.9
APARATOS DE REGISTRO Y REPRODUCCION DE SONIDO	39401.6	1330.3	3102.4	1.8	5517	181.9	2339.9	327.1	1581.5	153.2	1895.1	122.2	4051.8	177	3743.8	6.7	2750.2	60.5	2781.9	154.7	2730.8	15.2	4612.7	51.1	4294.5	79
APARATOS TRANSMISORES Y RECEPTORES	145413.5	8529.5	4811.4	168.6	7793.9	358.7	7630.6	366.1	9791.2	68.4	10201.3	90.1	21800.8	185.6	20261.8	45.6	14742.9	595.2	12831.1	136.5	12061.6	71.6	10862.2	195.8	12624.7	6247.4
ARMAS Y MUNICIONES	2070.1	0	146.1	0	209.1	0	144	0	192.2	0	193.7	0	154.2	0	176.1	0	123.3	0	241.1	0	290.2	0	119.7	0	80.3	0
ARTICULOS DE VESTUARIO	39302.2	963574.4	3759.8	74536.3	4057.6	70742.6	3476.9	78233.8	2671.9	71048.1	2692.4	89875.2	2518.7	79935	3811.2	70621.6	3105.1	87183.1	3375	80278.6	2789.3	93105.1	3848.4	75984.1	3195.9	92030.8
AVES DE CORRAL BENEFICIADAS	37859.3	15.2	1963.3	0	3237.2	0	3351.3	0	2433	0	3121.1	0	2828	0	3912.1	0	3596.2	0	3438.4	0	2595.5	0	3607.1	15.2	3776.1	0
AZUCAR	147.7	61209.7	0.3	5848.3	11.8	9744.9	1.5	2243.1	5.4	1474.5	0.9	7637.2	14.2	559.7	57.2	306.2	13.9	8325.8	14.5	11344.1	15	1053.1	10.3	0	2.8	12672.7
AZUCARES Y ARTICULOS DE CONFITERIA	10827.2	1878.9	946.3	152	594.1	127.5	1098.9	264.3	712.6	111.9	596.7	255.6	549	251.6	723.4	138.5	920.6	65.4	1128.1	142	1312.4	84.4	1285.4	172.2	959.8	113.6
BATERIAS ELECTRICAS	7429.6	2618.4	743.9	265	705	136.7	715.3	234.3	511.4	489	375.8	162.2	465.6	249	784.1	390.5	507.9	471.7	477.6	43.6	826.4	43.3	629.9	85.7	686.6	47.6
BEBIDAS LIQUIDOS ALCOHOLICOS Y VINAGRES	11437.3	7441.5	1909	451.5	1238	236.2	2275.6	399.9	2174.4	261	895.3	442.9	240	398.6	246.1	434.6	432.5	535.9	455	910.8	848.6	1428.6	379.2	807.2	343.6	1134.4
CAFE SOLUBLE Y MOLIDO	876.9	48.7	15.4	0.6	8.9	2.6	36.2	5.7	302.9	0	19.7	1.1	7.5	1	80.1	1.8	7.9	1.3	311.5	4.5	9.4	1	15.5	28.4	61.8	0.7
CALZADO	12913.1	3132.6	688.1	259.5	1054.4	216.2	1217.6	404.5	914.4	69.8	1136.2	493.3	882	304.3	1130	219.5	885.6	304.5	1149.6	171.5	1141	177	1401	204.7	1313.4	307.9
CAMARON Y LANGOSTA	1172.8	13384.3	154.3	817.3	5.7	708.5	4.3	872.5	21.7	901.8	373.8	1619.9	10.4	871.3	21.6	938.6	11.7	1460.6	7.3	1550.9	407.1	1069.5	123.8	1565.4	31.2	1008
CARNE	14451.7	12.5	956.9	0	1739.8	5.9	1445.8	0	837	0	924.3	0	691.8	0	994.7	0	836.9	6.6	777.8	0	1454.5	0	1881.7	0	1910.5	0
CERAS	1895.1	193.9	115.4	26.3	170.6	9.3	183.6	2.4	154	0	139.7	0.6	204.7	0.1	165.6	5.1	105.4	112.4	134.9	13.8	215.1	1.7	150.7	0.5	155.4	21.7
CLAVOS Y TORNILLOS	5028.5	26.6	439.4	0.2	309.1	6	532.7	0	453.8	0	372.4	0	437.2	0	501.5	0.3	456.2	16.3	440	0	326.7	0.1	388.6	0	371	3.8
DETERGENTES Y JABONES	7776	1818.6	564	78.9	629.5	4.2	662	105.8	483.9	77.2	594.3	298.3	679.3	154.6	785	109.8	800.9	307.8	738.8	136.7	627.4	250.4	585.3	195.6	625.7	99.4
"DISCOS, MATRICES Y CINTAS (DE GRABACION)"	1411.5	3.7	100.6	0	111.1	0.6	215.2	0	64.1	2.6	99.2	0.6	168.8	0	106.8	0	101.6	0	124.2	0	98.2	0	112.8	0	109.1	0
GRASAS Y ACEITES COMESTIBLES	48739.8	2271	4526.7	170.3	2516.8	182	4902.8	343.8	3592.2	95	1899.8	216.2	5787	184.3	5032.3	206.9	4256.1	211.4	4269.2	378.5	5434.4	5.7	1621.7	230	4900.8	47.1
HARINAS DE CEREALES	7894.1	31.6	1170.5	2.2	786.4	5.1	472.7	0.6	448.4	0.9	527.7	1.6	400.1	1.6	647.9	1.7	1026.1	2.6	497.5	4.8	409.1	0.4	401.9	6.3	1105.9	3.9
HERRAMIENTAS ARTICULOS DE CUCHILLERIA	12418.2	636.5	1011.6	0.1	1046.9	31.4	1343.1	2.5	1029.7	29.1	1103.2	10.3	766.3	1.5	1116.9	109.4	667.1	351.1	1145.8	0.2	1026	0.1	1008	90.8	1153.6	10.1
HILOS E HILAZAS	107876.5	4673.9	4625.4	507.2	10427.6	429	11640.3	605.4	7338.8	355.6	8531.5	440.4	8611.5	525	8866.2	298.2	8494.1	243.3	9588.7	337	10621.1	462.8	8903	270	10228.5	200
"INSECTICIDAS, FUNGICIDAS Y DESINFECTANTES"	22897	926.1	3213.9	50.6	2771.6	4.8	2137.3	0	1737.5	310.8	1333.5	26.4	1547.5	179.6	1999.7	218.4	1446.2	0	1182.7	31.1	1278.9	104.3	1959.8	0	2288.5	0
INSTRUMENTAL MEDICO Y OTROS	86695.9	12502.2	6740.8	824.1	6562.2	1053.8	8151.2	1206.7	7535.1	1320.2	6055.5	1145.1	7986.9	1173.8	7175.8	1128.9	7604.7	1075.1	7486.7	720	7759.6	961.1	6646.9	863.7	6990.5	1029.6
JOYERIA DE FANTASIA	67.4	0.3	0.2	0	3.4	0	1.3	0.1	0.1	0	1.7	0	1.9	0.1	42.1	0	4.5	0	3.2	0	2	0.1	2.8	0	4	0
"JUGUETES, JUEGOS Y ARTICULOS DE RECREO Y DEPORTES"	18332.9	940	1674.9	22.1	1096.3	29.4	1673.7	166.8	1079	44.1	847.8	30.9	1289.5	62.9	1153.9	45.9	1274.2	29.4	1419.4	330.6	1763	108.2	2752.5	13.1	2308.7	56.7
LAMINA Y ALAMBRE	13365.8	55.9	823	0	819.1	3.4	1072.6	0.4	1217.7	0	1257.8	1.9	1022.7	0.1	868.2	0.3	708.2	0	1054.6	0	1300.6	47.1	2065.6	2.7	1155.8	0
LECHE Y OTROS PRODUCTOS LACTEOS	17880.6	765	1484.6	22	1111.5	37.5	1620.6	34.5	1204.8	53.7	1036.2	56.4	1535.8	170.1	1035.2	114.6	1281.4	65.3	1853.9	23.5	1670.8	80.3	2047.6	75.6	1998.5	31.4
MADERA EN TROZA	11.3	0	0	0	0.2	0	0	0	0.2	0	0	0	0	0	0	0	0	0	10.9	0	0	0	0	0	0	0
MANUFACTURAS DE CAUCHO	12791.4	4230.8	869.5	485.9	1100.5	196.1	1062.9	159.5	1146.5	253.7	973.5	98.9	1179.4	360.4	921.7	341.3	1018.5	370.9	1202.3	487.9	995.8	644.6	1182.1	425.6	1138.8	405.9
MANUFACTURAS DE CERAMICA	3300.9	388.5	95.7	19.9	149.5	28.6	219.5	26	217.1	15.8	155.8	42.6	153.1	4.3	241.7	45.1	210.9	24.9	353.1	19.3	291.8	37.3	667.5	121.2	545.3	3.4
MANUFACTURAS DE CUERO	1643.4	18595.5	85.9	1958.6	110.3	1239.7	197.1	1867.1	246.7	1510.2	40.6	1058.9	203.5	1426.7	93.1	2110.8	125.1	1821.2	178.2	1393.8	113.4	1494.8	150.7	891.8	98.9	1821.7
MANUFACTURAS DE MADERA	8798.1	20959.2	558.9	2036.2	220.2	2237.8	373.9	1675.1	371.8	1760.3	393.6	1586.2	399	1811.3	681.2	2102.7	566.7	1419.8	1024.5	788.8	959.9	1108.1	1248.5	2863.5	2000.1	1569.4
MANUFACTURAS DE PAPEL Y CARTON	55716.6	38668.6	4615.7	6014.5	4451.9	2773.4	5202.3	3953.7	4164	3597.7	3607.1	2328	3180.9	1811.5	4207.9	2537.1	4570.3	2386.9	4794.3	2367.8	5774.1	2477.5	6653.7	3520	4494.4	4900.5
"MANUFACTURAS DE PIEDRA, CEMENTO, YESO, ETC"	1739.3	142.3	50.6	1	76.3	14.8	145.2	38.6	131.8	0	78.9	5	100.6	29.4	147.8	21.8	92.1	0	30.7	8.8	78.4	22.9	437.1	0	369.7	0.1
MANUFACTURAS DE PIEDRAS Y METALES PRECIOSOS Y SEMI PRECIOSOS	7468.8	34584.3	418.3	1527.3	404.9	1240.1	580.2	1861.5	608.2	3629.6	471.1	2157.5	628	3052.8	464.5	1787.6	662.7	1883.3	748	4973.3	959.3	5057.3	815.2	4455.8	708.4	2958.3
MANUFACTURAS DE PIELES	41.9	0	0	0	4.3	0	0.7	0	0	0	7.5	0	19.6	0	0.4	0	4.7	0	0	0	0	0	0	0	4.6	0
MANUFACTURAS DIVERSAS	66409.2	2534.6	4748.1	87.3	5849.4	245.1	5298.5	329.7	5955.5	342.2	4067.1	189.1	6718.7	275.1	5119.2	224.3	5761.3	210.6	7218.1	100.5	5623.7	218.5	5072.8	135.9	4976.6	176.4
MAQUINAS Y APARATOS MECANICOS PARA USOS ELECTROTECNICOS	482558.3	12213.4	47561.7	397.3	60897.8	637	42013	712.2	47557.8	1637.2	46169.7	1339	28020.4	656.9	39582.7	857.7	37761.1	716.7	28200	1126.4	38423.7	2453.6	29012.5	667	37357.8	1012.4
MATERIALES PLASTICOS Y SUS MANUFACTURAS	217997.5	15103.3	11188.6	1041.1	13953.6	1365	19915	1151.5	16364.3	964.6	16771.5	663.7	19138.3	968	22401.2	1616.1	18955.4	1591.1	22170.2	1505.7	21330.2	1533	18261.1	1229.3	17548.1	1474.2
MATERIALES TEXTILES (TEJIDOS O TELAS)	133218.7	3230	8087.9	471.6	10248.9	188.7	10594.3	226.8	10994.2	121.8	11000.5	378.5	10360.9	524.5	12505.9	354.1	10802.7	318.1	13131.7	124.4	13449.4	357.6	12535.6	122.2	9506.5	41.6
MELAZAS DE AZUCAR	9.8	29598.2	1	6299.2	1.4	4514.6	7.2	0.3	0	1200	0	0	0.1	2450.8	0	7659.3	0	1960.3	0	0	0	597.1	0	2040.8	0	2875.9
MOTA DE ALGODON	20.4	0	0	0	0	0	0	0	0	0	20.4	0	0	0	0	0	0	0	0	0	0	0	0	0	0	0
"MUEBLES PARA EL HOGAR, OFICINA, MEDICOQUIRURGICO, ETC."	15087.4	868	1147.8	54.1	880.9	84.6	1192.7	91.3	1331.1	71.1	926	79.6	1157.4	30.4	1418.6	70.6	1480	82.4	1247.3	95.5	1411.5	64.2	1425	96.9	1469.2	47.4
NEUMATICOS Y TUBOS	19908.1	7.3	1623.9	0	1959.7	0	1462.4	0	1480.7	7.3	1472.9	0	1161.4	0	1815.5	0	1463.5	0	1944	0	2088.7	0	1555	0	1880.3	0
"OBJETOS DE ARTE, PARA COLECCIONES Y ANTIGUEDADES"	163.6	9.8	6.2	0.5	5.4	0.8	32.6	0.4	8.6	0.5	18.6	0.7	19.6	1.6	18.2	0.8	17.4	0.9	11.4	1.7	5.8	0.5	15.2	0.9	4.7	0.3
OTRAS MANUFACTURAS DE METALES COMUNES	28404.2	1426.8	3506.5	149.8	2814.7	70.9	2024.4	151.2	2332.1	128.8	3063.8	146.4	1547.2	132.8	2267.7	86.2	2678	96.4	1903.5	135.6	2598.2	114.4	1626.5	110	2041.5	104.2
OTROS ACEITES ESENCIALES	1876	747.7	127.2	64	140.8	17.5	123.8	110.8	205.5	0	197.7	29.1	207.1	87.4	196.1	62.8	132.9	117.6	161.2	124.1	147	56.9	136.4	32	100.3	45.5
PAPEL Y CARTON	144618.1	78.5	11026.3	14.8	11760	0.3	13240.8	2.3	10813.9	0.4	11032	15.3	10732.1	16.3	10962.1	0.2	15487.9	0.2	11758.6	0.3	13321.5	23.6	11657.7	2.4	12825.1	2.2
PESCADO Y MOLUSCOS	3473.6	6061.9	268.9	525.7	400.6	477.3	278.1	489.4	232.1	818.8	801.1	409.7	159.1	322.9	265.4	640.9	262.4	543.8	178.7	890.8	158.7	361.5	267.5	358.7	200.9	222.3
PINTURAS Y BARNICES	25466	204	1950.7	1.9	2326.4	10.7	2192.3	0.9	1511	27.3	1597.2	59.7	2347.8	13.8	2268.7	47.5	2150.8	21.7	1888.5	0	2176.3	14.6	2831.4	0	2224.8	5.9
"POLVORA, EXPLOSIVOS Y ARTICULOS DE PIROTECNIA"	100.8	0	4.9	0	0	0	7.4	0	0	0	0	0	8.8	0	5.3	0	0	0	0	0	12.1	0	3.2	0	59	0
PREPARADOS A BASE DE CEREALES	23663.9	3283.8	1689.1	150.6	1783.8	237.2	2083.5	358.4	2021.1	227.2	1985.2	366	2373	185.5	2571.5	199.4	2017.6	323	2069.1	366.6	1955.6	227	1623.6	375.9	1490.7	267
"PREPARADOS DE CARNE, PESCADO, CRUSTACEOS Y MOLUSCOS"	18742.3	14057.6	1517.3	899.5	1731.1	1387.9	1945.1	1186.9	1285.2	1136.5	1308.8	1392.6	1511.9	902.5	1534	928.8	1544.9	1197.1	1565.3	1548.2	1814	1074	1472.3	975.6	1512.5	1427.9
PREPARADOS DE LEGUMBRES Y HORTALIZAS	25474.2	11994.2	2202.1	681.8	1650.8	886.7	2388.9	726	1664.9	1008.2	1902.7	1417.8	2243.5	1010.3	2451.1	1031.7	1726.8	1305.8	2306.5	919.9	2115.9	1180.8	2479.1	554.3	2342	1270.7
PREPARADOS DE FRUTAS	9535.6	3863.1	1248.5	217.4	791.8	203.1	662.2	438.6	290.6	327.6	590.7	303.2	576.6	277.3	969.2	304.3	991.5	231.4	776.2	362.9	1015.6	484.9	827.6	389.2	795.1	323.1
"PRODUCTOS DE PERFUMERIA, TOCADOR Y COSMETICOS"	16745.1	4746.9	1202.9	533.2	1363.1	325.8	1803.8	988.8	1720.8	233.1	1150.4	354.5	1321.8	396.8	1157.6	283.6	1500.8	413.4	1701.7	205.1	1801.7	385.3	1092	319.5	928.5	307.9
PRODUCTOS DIVERSOS DE LA INDUSTRIA QUIMICA	128390.5	34962.8	7824.4	3725.6	10247.4	2785.8	11733.9	2228.2	9006.5	1727.2	10410.5	2865.3	10165.6	1567.3	12553.8	3608.5	13253	4881.7	9695.9	2597.7	12936.7	5048.9	10243.7	1930.3	10319.3	1996.4
PRODUCTOS FARMACEUTICOS	29410.1	2963	1357.7	232	2342.8	347.3	6638.9	238.5	1491	174.3	1803.9	235	3235.5	433.4	2186.1	356.5	1188.3	182	2952.4	166.3	2850.1	299.2	1883.7	115.2	1479.8	183.2
PRODUCTOS FOTOGRAFICOS Y CINEMATOGRAFICOS	16728.7	9	1338.3	2.1	1144.7	1.3	1497.8	0	1317.9	0.1	1689.4	0	1441.9	0.5	1442.3	0	1206.3	0	1189.2	0	1346.2	0	1437.3	0	1677.3	5
"ROPA DE CAMA, DE MESA, TOCADOR, COCINA Y BA&O"	4769.4	2225.5	361.5	107.8	401.3	237.1	362.7	206.7	269.4	215.1	563.6	247.3	329.9	155.4	321.2	224	219.6	177.3	510.7	129.1	592.6	159	333.8	187.9	503.1	178.8
"SALSAS, CONDIMENTOS Y SAZONADORES COMPUESTOS"	9184.3	939.6	659.4	52.7	851.6	41	1013.8	130.9	695.1	56.7	507.2	77.8	798	64.4	901.5	84.2	675.2	97.1	863.2	89.9	759.1	96.5	748.7	54.7	711.5	93.5
"SOMBREROS, PARAGUAS, TAPASOLES, OTROS"	765.3	135.5	154.9	7.9	71.2	5.9	64.7	4.5	64.2	3	51.2	7.2	47.4	6.1	42	13.4	37	16.2	41.8	15.9	92.9	27.9	54.5	15	43.6	12.5
TABACO ELABORADO	22.7	855	0.7	78.3	1.1	92.7	0.6	174.5	6.1	24.8	0.2	73.1	3	57.4	6.2	52.8	0.9	152.4	1.1	40.2	0	54.5	0.4	28.3	2.4	26.1
TUBERIA Y SUS ACCESORIOS	25916.8	374.8	2731.7	0	1356.1	7.1	2608.2	29.4	3314.5	279	2005.4	6.6	1443.4	0	2274.8	1	2240.8	0	2175.7	2.6	1721	0.1	1996.1	0.4	2049.3	48.6
VEHICULOS Y MATERIAL DE TRANSPORTE	344081.9	2079.8	23526.1	88.2	24071.9	100.6	31595.6	401.2	26213.7	100	26621.8	137.2	26114.7	237.8	28715.7	132.7	25846.7	197	32560.8	231.4	31490.3	73.5	28721.7	170.5	38602.9	209.7
VIDRIO Y SUS MANUFACTURAS	5164.3	1167.7	463.1	62.8	434	63.8	447.6	139.8	397.6	46.8	402.8	113.9	440.6	108.8	425	67.6	320.5	254.3	467.8	106	409.8	72.5	465.5	74.4	490.1	57
INDUSTRIAS EXTRACTIVAS	1069789.7	525046.6	74748.1	22866.1	77884.5	25973.8	53104	34891.7	66871.6	44232.5	68970.1	37165.8	89915.2	34667.7	96129	58965.8	68755.2	40073.7	59270.8	43953.6	133980.9	66193	119133.6	51423	161026.6	64639.9
ALUMINIO	55921.9	6038.9	4887.6	190.6	4249.7	199	2417.8	1352.2	3633.4	131.3	3879	219.3	4280.2	313.7	5514.5	273.7	5559.8	1552.5	7499.8	306.4	6050.3	375.5	4729.4	512.9	3220.4	611.8
ANTIMONIO	63.5	0	0	0	5	0	0.8	0	0	0	0	0	0	0	23.1	0	4.7	0	0	0	0	0	0	0	29.9	0
ASFALTO	647.1	0	53.1	0	0	0	69.3	0	49.2	0	26.7	0	98.3	0	46.8	0	79	0	54	0	101.9	0	37.8	0	30.8	0
CEMENTO	7.7	0	0.8	0	0.2	0	3.1	0	0	0	0	0	0.3	0	0	0	0	0	3.1	0	0	0	0	0	0.3	0
COBRE Y SUS MANUFACTURAS	954.1	85.7	43.3	0	19.1	0	120	0	140.4	0	195.2	0	39.5	0	36.5	4.6	159.6	5.1	72.1	13.2	80.2	9.4	30.4	39.1	17.6	14.3
DESPERDICIOS Y DESECHOS DE METALES (CHATARRA)	110	47	0.4	0	4.9	0	22.2	0	0.3	0	3.1	0	10.5	0	6.6	0	34.6	0	11.7	47	10.9	0	4.8	0	0	0
DIESEL	550188	171.3	46339.3	0	40759	0	22935.9	0	32411.1	0	18239.9	0	41977.1	49.8	52393	0	38033.9	35.5	19204	0	91330.3	0	44909.2	0	101655.2	86
ESTA&O	89.3	0	1.7	0	7	0	4.2	0	4.7	0	6.4	0	4.7	0	23.7	0	2.8	0	0.4	0	1.8	0	3.4	0	28.5	0
GASES INDUSTRIALES	8382.7	334.4	318	127.2	829.5	43.5	126.3	79.9	732.1	39.3	544.1	0	657	44.6	786.3	0	1496.7	0	30.7	0	932.2	0	682.6	0	1247.2	0
GASOLINA	118998	1	4829.9	0	13203.8	0	5781.7	0	11911.5	0	12118.1	0	15487.9	0	9187.1	0	8724.7	0	8155.9	0	11131.8	0	6220.5	0	12245.1	1
GAS PROPANO	27530.6	0	0	0	5.3	0	0.8	0	10.7	0	1.8	0	2.4	0	0	0	0.3	0	5328.9	0	0	0	22180.4	0	0	0
HIERRO Y ACERO	22036.5	23.2	137.5	0	259.9	0	536.6	0.1	301.8	0	398.1	23.1	1341.1	0	1778.1	0	2852	0	218.3	0	223.9	0	6077.1	0	7912.1	0
KEROSENE	33523.7	0	3398	0	1811.9	0	1508.7	0	1335.7	0	1440.8	0	3727.9	0	2627.8	0	3321.9	0	2657.1	0	3876.9	0	2380	0	5437.1	0
MAGNESIO	38.9	0	14.2	0	0.5	0	0.1	0	4.9	0	4.4	0	3.2	0	0	0	0.1	0	0	0	2.6	0	0.2	0	8.7	0
MARMOL	1.5	0.2	0.3	0	0.2	0	0	0	0.1	0	0	0	0.5	0	0.1	0	0	0.1	0	0	0.1	0.1	0.1	0	0.1	0
NIQUEL	9.2	0	0.5	0	0.1	0	0.2	0	0.5	0	0.1	0	0.3	0	4.7	0	1.9	0	0.6	0	0.3	0	0	0	0	0
OTROS DERIVADOS DE PETROLEO	220490.8	214	12786.7	30.9	14604.7	0	17710.7	30.5	15256.3	55.5	29830.5	28.9	20820.7	0.2	21753.3	0.3	6408.9	0.8	11329.1	0	15244.3	38.4	27904.1	28.6	26841.7	0
OTROS METALES COMUNES	84.4	0.1	6.9	0	0.1	0	0.5	0.1	8.4	0	3.4	0	1.5	0	18.1	0.1	3.5	0	9.4	0	23.7	0	4.8	0	4.2	0
PETROLEO	0	191692.1	0	12765.5	0	7901.5	0	7697.4	0	19141	0	10678.4	0	14365	0	26472	0	14926.2	0	15087.3	0	28778.4	0	17297.6	0	16581.8
PIEDRAS Y METALES PRECIOSOS Y SEMI PRECIOSOS	25631.4	326278.8	1058.5	9751.9	1920.9	17829.8	1648.3	25731.5	826.4	24802.6	1974.5	26216.1	1199.6	19894.3	1561	32212.8	1853	23552.4	4080.6	28409.2	4697.3	36991	3200.2	33542.3	1611.1	47345
PLOMO	42	155.6	11	0	0.9	0	0.5	0	18	62.5	0.4	0	0.5	0	0	0	5.3	0	1.9	90.6	0.7	0	1.9	2.5	0.7	0
PRODUCTOS MINERALES DIVERSOS	4233.3	4.2	850.2	0	193.4	0	207.4	0.2	214.9	0.1	296.6	0	248.2	0.2	358.5	2.2	201.9	1.2	330.6	0	263.6	0.3	628.5	0	439.5	0
ZINC	805.1	0	10.3	0	8.6	0	9	0	11.1	0	6.8	0	13.9	0	9.8	0	10.6	0	282.5	0	8	0	138.1	0	296.3	0
