	Exportaciones	Importaciones	Exportaciones	Importaciones	Exportaciones	Importaciones	Exportaciones	Importaciones	Exportaciones	Importaciones	Exportaciones	Importaciones	Exportaciones	Importaciones	Exportaciones	Importaciones	Exportaciones	Importaciones	Exportaciones	Importaciones	Exportaciones	Importaciones	Exportaciones	Importaciones	Exportaciones	Importaciones
TOTAL (AGROPECUARIA + MANUFACTURERA + EXTRACTIVA)	3725036.7	7317119.1	289720.3	561737.4	323230.7	565224.4	362285.8	688715.2	323423.6	571094.8	338429.7	563195.2	279215.8	602939.2	336028	594534.1	319171.6	615084.8	297200.1	532299.4	266981.2	660160.4	290479.1	616753.4	298870.8	745380.8
INDUSTRIAS AGROPECUARIAS	1642628	471761.8	125042.6	30489.8	144245.4	44891.9	177643.5	41805.4	157245.5	35084.6	135781.8	46551.5	124203	43135.6	145750.3	43134.1	134761.8	53871.2	118164.6	28617	103646.3	24120.3	129158.7	33278.9	146984.5	46781.7
AJO	0	0	0	0	0	0	0	0	0	0	0	0	0	0	0	0	0	0	0	0	0	0	0	0	0	0
ALGODON	0	43003.6	0	2481.6	0	5609.2	0	5706.6	0	4255.4	0	4610.9	0	5444.1	0	3624.4	0	3178.3	0	1144.6	0	837.9	0	3086.3	0	3024.4
ANIMALES VIVOS DE GANADERIA	141.9	829.3	5	3	1	375.2	0	103.7	0	30.3	0	23.4	0	173.5	3	4.3	0	98.7	0	10.1	0	0	3	0	129.9	6.9
ANIMALES VIVOS DIVERSOS	6.6	317.8	0	22.4	0.8	34.1	1.5	22.7	0	29	0	29.2	0	38	0	20	0.1	22.5	0.2	23.6	1.6	23.3	1.9	36.7	0.5	16.3
ARROZ	90	36469.3	10	2434.6	6.2	5219.7	8.2	3332.6	6.4	2435.2	7.3	2330.2	13.7	1737.1	3.7	5465.1	7.6	2113	4.5	2043.5	11.3	1435.4	8.9	3671.5	2.3	4251.5
AVES DE CORRAL VIVAS	0	8640.6	0	852.3	0	318.3	0	720.1	0	885.3	0	697	0	956.6	0	723	0	352.4	0	699	0	855.6	0	672	0	909.1
BANANO	711617.9	96.2	56737.9	11.9	56901.1	0	65375.4	3	55341	0	60305.3	0	52984.6	1.5	61886.5	0	69888.2	34.9	63023.6	34.6	62336.5	7.1	55510.1	3.1	51327.7	0
"BULBOS, RAICES Y PLANTAS ORNAMENTALES"	28771.9	15657	4490	1564.4	3624.8	338	2696.2	1226.1	2217.4	534.7	1571.7	1434	1444.3	1624.8	1878.7	1843.3	2215.5	1971.9	2567.7	2789.1	1699.3	703.5	1896.5	777.9	2469.9	849.3
CACAO	674.4	0	0	0	0	0	0	0	0	0	128	0	0	0	0	0	0.2	0	545	0	0	0	1.1	0	0	0
CAFE	283165.3	0.4	14609.9	0	26192.5	0	35900.8	0	40046.6	0	35284.5	0	36113	0.3	39307.5	0	24181.4	0	14249.7	0	3149.7	0	4376.7	0	9753	0
CARDAMOMO	6464.7	0	292	0	390.1	0	372.2	0	795.3	0	1506.4	0	182.1	0	500.5	0	513.1	0	204.8	0	74.8	0	717.6	0	915.9	0
CAUCHO NATURAL (HULE)	19151.7	972.1	2222.7	114.6	2129.6	40.5	1732.8	137.5	1143.2	104.9	701.6	77.5	1350.1	44.7	1535.8	74.6	1156.5	125	1997.4	66.7	1687.6	68.5	1700.7	106.3	1793.7	11.4
CEBOLLA	1015.3	44.8	141	0	144.2	0	168.1	0	117.2	0.1	48.1	0.1	60.1	0	60.1	0	77.8	0	69	0	48	44.3	81.8	0.3	0	0
"CEREALES DIVERSOS (CENTENO, CEBADA, AVENA, SORGO, ETC)"	9.4	445.2	0	2.4	0.5	26.3	0.9	134.7	3.5	51.6	0	36.3	1.2	20.1	0.7	24	0.1	26.7	0.9	42.9	0.7	44.9	0.9	19.5	0	15.7
ESPECIAS	1924.9	590	4.9	33.4	6.9	45.7	5.8	28.1	773.6	68	572	35.7	217.6	18.6	195	69.6	31.8	27.5	73.9	60.5	14.3	43.5	14.9	116.7	14.2	42.6
FLORES Y FOLLAJES	17800	173.7	2453.5	0	1350.6	0	1005.2	0	2498.3	0	1526.8	0	1135.6	0	1358.3	0.2	1164.3	0	1466.4	0.1	1585.2	0	1177.6	173.5	1078.2	0
FRIJOL	54018.7	58.9	3399.5	0	3673.6	0	4588.3	0	4795.3	14.6	4390.3	0	3923.8	0	3705.2	0.6	4169.7	1.4	4014.2	0	5234.7	0	6417.5	42.1	5706.4	0
"FRUTAS FRESCAS, SECAS O CONGELADAS"	262598.6	19716.5	21627.7	684.1	26959	945.5	44078.1	1051.7	30403.7	618	11708.8	459.6	7555.3	699.4	10303.9	494.9	10448.9	1370.4	7553	1592.2	6710.2	1365.8	34600.7	3007.3	50649.3	7427.7
HUEVOS DE AVES	0	588.3	0	18.7	0	10.6	0	250	0	0.3	0	13.2	0	12.3	0	13.3	0	21.2	0	73.3	0	76.5	0	44.3	0	54.5
LEGUMBRES Y HORTALIZAS	119967.4	7274.5	10237.5	203.7	12637.1	394.9	13182.1	551.2	11035.8	377.1	8065.2	593.9	5464.2	672.5	9400.1	970.9	9431.2	385.2	9123.6	322.9	9299.3	944.4	9464.9	638.4	12626.5	1219.4
MAIZ	6.5	179197.4	0	12379.2	0	22010.9	0.3	13661	1	20502.7	0.4	11166.2	1	19038.9	0	18324.9	1.6	27060.4	0	10570	0	8103.5	1	10419.6	1.3	5960
MANZANA	0	11631.6	0	1136.8	0	1045.4	0	480.7	0	662.7	0	788.3	0	340.4	0	578.9	0	240.4	0	330.2	0	685.2	0	1067.7	0	4275
MATERIAS VEGETALES	50.5	30.1	0	9.3	0	2.1	22.9	2.1	11.9	2.3	0	0	0	0	1.3	0	0	4.4	0	0.4	11.2	0	3.2	0	0	9.5
MIEL DE ABEJAS	74.1	22.9	0	0	0	0	0	0	0	0	0	0.4	3.7	0	7.6	0	0	0	0	8.3	2.2	6.2	60.6	3	0	5
OTROS PRODUCTOS DEL REINO ANIMAL Y VEGETAL	3909.8	3373.9	475	199.7	548.6	359.5	302.9	276.2	256.2	277.5	180.5	394.2	221.1	331.8	211	219.8	229.8	362.1	127	217.2	267.5	273.2	550.6	198.4	539.5	264.3
PAPA	0	1945.8	0	16.3	0	27.1	0	55.6	0	35.1	0	127.4	0	715.7	0	421.6	0	122	0	141.6	0	261.1	0	0.9	0	21.3
PIMIENTA	619.5	215.2	12.1	20.9	0	27.9	11.1	9.6	74.1	14.3	21.7	16.7	67.5	16.7	0	29.2	29.8	15.4	98.9	16.3	21.4	22.8	202	13.9	81	11.6
"PLANTAS, SEMILLAS Y FRUTAS PARA USO MEDICO Y PERFUMERIA"	1310.1	1485.3	210.5	87.2	90.2	26.9	2	26.8	0.3	252.4	0.5	58.6	0.1	302.4	327.8	276.1	255.1	76.4	0.5	293.9	172.5	32.5	79.3	43.6	171.1	8.4
PLATANO	79765.9	49.4	5599.1	1.4	4751.6	0	6118.5	2.1	6340.9	0	6714.1	0	6756.7	0	7701.3	0	7568.7	41.7	7038.1	0	7185.8	0	7373.9	4.2	6617.2	0
SEMILLA DE AJONJOLI	11541.6	22.6	1043.8	0	1310.2	0.4	811.7	0.4	667.5	0.2	593.1	11.2	1121.5	0	1026.3	0.7	1153.8	0	667.3	0.2	956.8	1.5	968.5	5.4	1221.2	2.7
TABACO EN RAMA O SIN ELABORAR	26279.7	0.3	0	0	2090.4	0	0	0	0	0.1	2154.2	0	5275.7	0	5872	0	1455.2	0.1	4419.3	0	2154.5	0	2858.4	0.1	0	0.1
TOMATE	11648.2	0	1470.5	0	1436.3	0	1258.5	0	716.2	0	300	0	310.1	0	464.1	0	779.5	0	919.5	0	1021.2	0	1086.3	0	1885.9	0
TRIGO	0	138905	0	8212	0	8033.6	0	14022.9	0	3932.5	0	23647.6	0	10946.2	0	9954.5	0	16219.3	0	8135.9	0	8279.6	0	9126	0	18394.9
YUCA	3.3	4.2	0.1	0	0	0	0	0	0	0.2	1.3	0	0	0	0	0	1.9	0	0	0	0	4	0	0	0	0
INDUSTRIAS EXTRACTIVAS	285044.4	2381617.6	24835.2	197793.7	41914.3	177183.7	29461.4	246179.1	17801.9	220097.5	41621	159486.7	10869.5	183243.2	16903	178184.6	14317.5	156548.5	32240.8	158512.7	18478.8	216475.6	20788.4	195542.9	15812.8	292369.4
ALUMINIO	15492.7	40984.1	886.3	4085	1312.9	4076	1352.2	4274	1072.8	1972.6	1149.2	1928.7	982.4	3358.2	1048.3	3521.2	1392.8	2954.6	1237.6	3007.3	2045.9	5250	1705.9	4265.7	1306.3	2290.8
ANTIMONIO	0	28.3	0	0	0	0	0	0	0	0	0	0	0	28.3	0	0	0	0	0	0	0	0	0	0	0	0
ASFALTO	0	470.3	0	17.4	0	51.2	0	43.7	0	43.6	0	46.1	0	34.6	0	34.6	0	51.8	0	17.3	0	66.8	0	19.2	0	44.1
CEMENTO	0	311.5	0	0.7	0	21.9	0	22.4	0	13.7	0	21.7	0	37.8	0	69.9	0	11.7	0	15.4	0	21.4	0	3.9	0	71
COBRE Y SUS MANUFACTURAS	1051	970.2	1.5	160.5	17.7	148.4	35.3	66.4	75	40.9	3	52	212.8	96.9	25.7	73.9	36.6	55.8	77.6	59.2	139.3	53.9	339	115.7	87.5	46.7
DESPERDICIOS Y DESECHOS DE METALES (CHATARRA)	67.9	9705.2	0	0.2	0	0	23.6	0.1	0	0.8	0	0.9	21.9	4.5	0	1	0	0.1	22.5	3.1	0	1.1	0	3.2	0	9690.5
DIESEL	366.3	881847.9	0	70611.6	0	60331.4	39.5	88868.1	0	96837.7	0	55517.6	0	60191.1	0	59779.3	0	50781.2	0	68398.6	81.8	66290.3	0	91517.2	245.1	112724
ESTA&O	0.7	137.5	0	6.9	0	2.3	0	11.9	0	25	0.7	2.7	0	32.3	0	6.8	0	31.6	0	3.8	0	6.4	0	3.3	0	4.8
GASES INDUSTRIALES	3.4	7298	3.4	507.8	0	1862	0	639.2	0	694	0	251.9	0	26.2	0	782.8	0	1004.3	0	69	0	568	0	777.7	0	115.2
GASOLINA	0	945729.6	0	94056.2	0	56600.4	0	103946.5	0	83623.4	0	57843	0	85628	0	72308.5	0	62850	0	48619	0	95796.4	0	59890.7	0	124567.4
GAS PROPANO	0	209798.3	0	13522.9	0	20342.2	0	13978.6	0	14602.9	0	16878.5	0	12775.7	0	14743.2	0	14871.1	0	22582.7	0	21618.7	0	22275.2	0	21606.8
HIERRO Y ACERO	52135.4	2735.7	2150.5	172.3	1918.2	398.8	2045.4	281.1	1506	181.6	2398.2	180.4	5196.3	335.5	6674.6	213.6	12177.9	199.4	9674.1	194.3	4104.1	237.8	4290.1	192.9	0	148.1
KEROSENE	0	66849.2	0	2337.6	0	10433.2	0	8730.1	0	5856.1	0	6985.8	0	1916.6	0	3477.6	0	5170.1	0	4027.1	0	7337.3	0	1921	0	8656.7
MAGNESIO	0	23.4	0	0	0	0.3	0	0.2	0	2.2	0	1	0	4	0	0.2	0	0.7	0	7.2	0	7.7	0	0	0	0
MARMOL	0	4.3	0	0	0	0	0	0.2	0	0	0	0.7	0	0.1	0	0	0	0	0	0.2	0	0	0	3.2	0	0
NIQUEL	0.5	33	0	0.6	0	0.6	0	2.3	0	0.6	0.5	9	0	6	0	1.7	0	2.2	0	8.1	0	1.5	0	0.1	0	0.2
OTROS DERIVADOS DE PETROLEO	60.9	147694.5	0	8880.7	0.1	17831.3	0	16343.9	0	12339.9	0.1	9422	0	13548.3	0	11037.7	35.7	14553.4	25.1	7274.4	0	14668.6	0	10707.8	0	11086.4
OTROS METALES COMUNES	0	221.7	0	15.8	0	0	0	45.9	0	10.7	0	39.3	0	0	0	6.3	0	11.4	0	0	0	6	0	26.5	0	59.7
PETROLEO	119333.7	0	0	0	21413.8	0	11511.4	0	0	0	19489.8	0	0	0	8655	0	0	0	21061.5	0	10779.1	0	12986.4	0	13436.7	0
PIEDRAS Y METALES PRECIOSOS Y SEMI PRECIOSOS	96387.9	1985.5	21788.6	26.6	17251.3	29.3	14409.5	104.6	15108.2	20.2	18550.3	251.7	4451.3	31.5	499.2	273.6	674.3	300.4	142.4	494.4	1328.6	406.9	1466.9	18.1	717.3	28.1
PLOMO	0	260.5	0	13.2	0	25.4	0	32	0	25.2	0	19.8	0	15.2	0	0.5	0	21.3	0	72.9	0	1.7	0	25.8	0	7.6
PRODUCTOS MINERALES DIVERSOS	64.5	64043.7	4.9	3349.3	0.3	4712.9	4.7	8770.5	0.4	3804.7	29.3	10011.9	4.8	5153.1	0.1	11849.8	0.1	3628.1	0	3653.9	0	4130.7	0	3767	20	1211.8
ZINC	79.3	485.2	0	28.5	0	316.2	39.8	17.4	39.5	1.7	0	22.2	0	19.4	0	2.5	0	49.5	0	5	0	4.3	0	8.7	0	9.7
INDUSTRIAS MANUFACTURERAS	1797364.3	4463739.8	139842.5	333454	137071.1	343148.8	155180.9	400730.8	148376.3	315912.8	161026.8	357156.9	144143.3	376560.4	173374.7	373215.5	170092.3	404665.1	146794.7	345169.7	144856.1	419564.5	140532	387931.6	136073.5	406229.6
ABONOS Y FERTILIZANTES	0.2	22046	0	3193.5	0	186.8	0	178.1	0	2630.2	0	2246.7	0.2	1579.2	0	4570.6	0	168.9	0	1740.1	0	3644.1	0	1609.4	0	298.4
ACEITE DE SEMILLA DE ALGODON	0	3.2	0	0	0	0	0	0	0	0	0	0	0	0	0	0	0	0	0	0	0	0.7	0	0	0	2.5
ALIMENTOS PREPARADOS PARA ANIMALES	261.2	190100	5.3	12776.7	10.4	19358.3	57.2	13324.7	11.4	20551.3	62.3	13161.5	0	16642.2	40.9	21257.3	10.8	24047	6	9594.7	56.9	10146.1	0	14752.5	0	14487.6
APARATOS ELECTROMECANICOS DE USO DOMESTICO	1034.4	63201.1	113.2	3080.6	85.6	3774.9	242.9	5829.4	8.4	4509.3	4.8	5932.7	101.1	4801.7	7.7	5104.6	64.7	5830.8	66.1	5403.8	36	6652.7	151.7	5932.6	152.2	6348.1
APARATOS DE REGISTRO Y REPRODUCCION DE SONIDO	19667	47024.5	29	6338.6	233.4	3341.9	252.2	6323.5	556.8	1529.9	297.6	2661.6	21.3	3583.2	315.7	1806.4	297.8	1851.7	275.3	2604.6	562.2	3335.9	16540.9	3534.3	284.7	10112.9
APARATOS TRANSMISORES Y RECEPTORES	736	411164.2	43.8	38357	44.5	26825.9	248.4	33670.7	18.3	22851.9	11.5	31499.2	54.2	32843.8	192	34542.4	23.4	32944	51.7	23590.4	16.7	46400.7	15.7	47324.8	15.8	40313.5
ARMAS Y MUNICIONES	0.1	6104.8	0	859.2	0	46.7	0	99.3	0	571.9	0.1	1002.2	0	930.5	0	381.1	0	418	0	147.6	0	574.4	0	499.3	0	574.7
ARTICULOS DE VESTUARIO	1234458.7	61739.1	98847	4320.2	98473.9	4568.8	117247.8	5863.1	105278.5	3411.3	104694.8	4382.1	105229.2	4325.8	112576.6	4721.6	100775.8	4645.5	100919.1	4358.8	104992.2	6769.1	87229.3	6818.3	98194.4	7554.6
AVES DE CORRAL BENEFICIADAS	0	109156.9	0	7368.4	0	8135.6	0	8020.7	0	7754.5	0	10251.5	0	9645.4	0	8776.7	0	9194.5	0	8073.9	0	11929.7	0	9786.8	0	10219.2
AZUCAR	88440.2	117.6	11038.2	0.1	1035.3	0.3	1617.7	1.9	169	0.4	19365.6	35.1	1090.6	7.2	23755.3	1.7	28941.4	0.2	963.3	3.8	0	0.1	9.6	1.3	454.1	65.5
AZUCARES Y ARTICULOS DE CONFITERIA	6005.6	30005.1	405.3	2627.1	467.4	2096.1	442.8	2089.3	532.5	2265.3	581.9	2481.9	437.5	2326.9	672	2221.3	654.9	1922.2	560.9	2283.6	467.2	3382.8	440	3222.9	343.2	3085.7
BATERIAS ELECTRICAS	961	11915	36.9	1010.2	60.6	779.3	208.2	962.8	0.1	486.4	160.7	963.3	83.9	757.6	0	815.4	202.3	1264.1	103.1	790.3	21.1	1372.9	23	1891.1	60.9	821.7
BEBIDAS LIQUIDOS ALCOHOLICOS Y VINAGRES	15168.2	33219.2	962	2725.8	1387.4	3401.3	1063.7	3487	1138.3	1837.9	1283.5	2882.2	1268.8	2868.6	1039.1	3162.8	1340.2	2907.5	1370.1	2075.5	1838	3221.4	1280.9	2430.6	1196.1	2218.6
CAFE SOLUBLE Y MOLIDO	39	816.5	0	55.8	4.5	91	12.3	45.2	0	53.2	1.7	43.4	0	57.3	0	69.4	2.9	104.2	10.2	91.3	0.8	97.4	2.4	37.8	4.3	70.6
CALZADO	12852.5	35741.8	887.3	1759.5	1053.2	2293.2	1274.2	3473.9	821.6	2995.3	1152.3	2697.5	1246.8	2337.8	1122.7	2639.4	1423.4	3548.2	1304.3	3050.8	894.6	3616	908.3	3790.9	763.8	3539.5
CAMARON Y LANGOSTA	25026.7	2534.5	1320.1	358.9	1542.2	302.1	1468.1	395	2189.9	790.9	2837.6	135.8	2695.7	7.2	2499.9	154	1790.3	114.6	1669	57.5	1896.8	91	3228.4	10.5	1888.9	116.9
CARNE	33	60502.6	0	2978.9	0	4296.6	0	4879.1	0	3331.5	0	4731.7	0	5092.6	0	3450.4	0	5299.4	0	5416.5	0	7109.2	33	7098.3	0	6818.3
CERAS	13	2743	2.6	179.7	0	248	0.8	221.7	4.8	263.2	3.7	205.5	0	220.3	0.5	339.4	0	301.3	0	183.9	0.2	260.7	0.3	169.1	0	150.1
CLAVOS Y TORNILLOS	9.3	8111	0	776.4	2.7	743.6	0	699.5	3.1	556.8	0.9	678.1	0	844.3	0	948.3	2.2	674	0	606.6	0.2	578.7	0	492.8	0.1	512
DETERGENTES Y JABONES	1589.4	10972	89.6	1192.1	115.6	900.4	78.7	1069.7	161.3	992.7	145.9	940.3	133.8	1002.5	195.8	758.9	122.8	947.4	120.3	938.3	169.3	975.5	130.5	710.1	125.8	544.2
"DISCOS, MATRICES Y CINTAS (DE GRABACION)"	19.2	2358.5	0	220.4	0	218.7	0	204.7	0	284.2	0	119.8	0	167.5	0	238.1	0	209.7	0	110.5	10.6	205.4	8.6	205.3	0	174.1
GRASAS Y ACEITES COMESTIBLES	1172.5	73790.8	136.1	4659.4	144.5	3194.5	180.1	7848.8	70.5	8338.3	34.3	5404.6	16.9	2832.9	155.4	10342.7	91.5	6597.3	99.4	1736.9	64.9	13785.2	81.9	2630	97.1	6420.2
HARINAS DE CEREALES	299.7	11784.5	18.6	604.5	20.8	596.9	24.9	3481.7	29.8	588.4	16.2	672.1	13.5	640.7	16.3	552.4	19.6	933.6	34.2	728.8	31.1	1035	33.6	1056.4	41.1	893.9
HERRAMIENTAS ARTICULOS DE CUCHILLERIA	193.8	17914	1.9	1557.7	0.4	1172	0.3	1813.2	1.4	1291.8	15.8	1606.6	6.4	1397	1.2	1452.5	15.6	1455.2	66.6	1377.3	23.4	2093	7.8	1241.9	53	1455.7
HILOS E HILAZAS	4478.5	70772.8	427.7	6943.1	387.5	6700.4	551.7	7686.9	433.9	5830.9	253.6	5879.7	293.8	5753.1	235.5	4360.2	483.8	6101.3	457	4281.6	319.6	7019.7	369.1	5224.8	265.2	4991.2
"INSECTICIDAS, FUNGICIDAS Y DESINFECTANTES"	193.5	20393.2	0	2445.7	0	1436.2	82.5	2097.4	39.4	902	39.4	2001	0	1789.3	32.2	1573	0	1167.3	0	1420.2	0	1538.3	0	2062	0	1960.9
INSTRUMENTAL MEDICO Y OTROS	23313.3	139974.2	2314.2	11533.3	1638	12525.6	1797.8	13557.4	1625.2	10237.2	1752.4	10407.1	2046	11467.8	2034	11385.2	2227.5	10978.8	2111.1	10719	1549.3	12816.3	2071.1	10898.9	2146.7	13447.6
JOYERIA DE FANTASIA	0	48.5	0	3.7	0	1	0	14.8	0	0.8	0	4.8	0	6.2	0	1.5	0	2.5	0	1	0	7.9	0	2.4	0	1.9
"JUGUETES, JUEGOS Y ARTICULOS DE RECREO Y DEPORTES"	6936.4	44990	381.8	2755.5	493	2702.4	495.9	3263.2	462.8	2198.3	489.2	3968.8	650.9	2651.6	779.6	2946	522.7	3690.1	559.1	4572	575.5	5098.5	654.8	5789.6	871.2	5354
LAMINA Y ALAMBRE	18271.2	14991.8	85.5	1077.5	1571.5	1436.6	78.3	1613.8	5104.8	1371.9	373.3	1046.5	177.5	1165.6	237.3	1366.4	3.6	1435.2	6186.5	1258.3	0.7	1254.8	301.5	1017.5	4150.7	947.8
LECHE Y OTROS PRODUCTOS LACTEOS	532.6	50148.3	46	3416.6	54.6	3136.1	16.3	4659.7	32	3616	30.2	3712.8	54.2	3841.1	24.3	4087.9	32.5	5068.6	36.4	4293.7	65.1	4709	94.4	5063.7	46.7	4543.2
MADERA EN TROZA	0	440.1	0	19.5	0	17.6	0	79.6	0	13.9	0	108.9	0	86.1	0	11.1	0	61.2	0	42.2	0	0	0	0	0	0
MANUFACTURAS DE CAUCHO	11057.4	20379.7	656.1	1457.7	975.4	1396.1	985	1959.5	577.4	1563.3	1338.2	1699.1	978.1	1779.7	974.5	1871.3	1075.1	1574.9	869.7	1194.2	1126	1966	917.8	2422.8	584.1	1495.1
MANUFACTURAS DE CERAMICA	553	3670.7	54.2	187	71	276.8	42.3	256	63.5	366.2	26.9	273.7	32.5	294.4	20.8	289.5	83.6	363.8	55.4	353.8	28.4	518.2	40.3	234.9	34.1	256.4
MANUFACTURAS DE CUERO	26778	1508.3	1829.1	138.5	1977.3	93.6	1826.5	122.8	3785.8	93.8	1821.9	119.9	2145.6	102.9	2041.9	72.8	2608.6	153.2	2622.4	140.8	1895	125.8	2621.6	187.2	1602.3	157.1
MANUFACTURAS DE MADERA	59534.1	11671.5	2673.7	1032.3	3457.9	787.8	4258.8	651.3	4169.8	625.3	5056.3	1091.9	7048.1	980.8	5321.3	1076.8	5852.2	1049.6	5569.1	1064	5922	1370.9	5712.8	1013.4	4491.9	927.3
MANUFACTURAS DE PAPEL Y CARTON	73960.8	71859.1	6144.7	6161.7	6419.2	5496.9	7917.1	6379.5	6474.6	5309.4	6049	5297.7	5338.3	5886.7	6453.7	5400.9	7006.4	5963.7	6774.3	4717.2	6874.6	5441.7	4464.5	9642.3	4044.5	6161.3
"MANUFACTURAS DE PIEDRA, CEMENTO, YESO, ETC"	21.6	2226.2	0	168.3	0	190.7	0.8	208.7	0	225.1	0	191.4	3	113.3	0	426.3	16.4	168.7	0.3	132.9	0	90.4	1.1	118.5	0.1	191.8
MANUFACTURAS DE PIEDRAS Y METALES PRECIOSOS Y SEMI PRECIOSOS	2251.9	8695.4	103	406.6	111.2	732.4	96.3	415.7	112	648.6	63.6	446.4	129.3	818.8	136.8	496.4	162.9	672.3	279.8	755.2	346.1	1184.2	408.7	1285.1	302.4	833.9
MANUFACTURAS DE PIELES	0	31.5	0	1.4	0	0	0	0	0	0	0	4.1	0	0.1	0	0.3	0	0	0	22.7	0	2.2	0	0.6	0	0
MANUFACTURAS DIVERSAS	8468.1	90302.7	444	7600.4	631.8	7742.6	707.4	8191.3	355.5	6553.3	520.2	7432.7	818.3	7447	566.1	6461.7	916	8477.7	910.6	7151.4	989.2	9057.4	825.5	6862.5	783.4	7324.6
MAQUINAS Y APARATOS MECANICOS PARA USOS ELECTROTECNICOS	8012.5	549535	323.1	42401.5	408.8	42876.8	697.1	50077.6	210.3	37423.4	1005.9	43982.7	293.4	44066.1	977.9	40924.6	721.7	45103.2	428.7	47055.5	1719.3	53310.4	700.4	49663.4	526	52649.8
MATERIALES PLASTICOS Y SUS MANUFACTURAS	17658.9	346856.3	1553.2	29242.2	1566.5	33650.4	1959.2	36447.4	1206.6	25250	1532	24031.7	1595.3	25686.3	1366.7	30814.3	1556.7	30182	1548.5	27749	1222.5	29647.4	1546.2	29220.1	1005.4	24935.5
MATERIALES TEXTILES (TEJIDOS O TELAS)	6337.9	210823.3	449.9	20942.7	426.6	18362.9	510.5	18514.3	345.2	14229.8	266.2	16815.6	535.4	16149	313.8	20645.2	351.6	19160.2	1559.5	17610.3	826.3	17083.9	417.9	15378	335.1	15931.4
MELAZAS DE AZUCAR	8887.5	1.2	0	0	3398.9	0	0	0	1763.3	0	860	0	0	0	0	1.2	2056	0	0	0	0	0	0	0	809.3	0
MOTA DE ALGODON	84.7	339.5	9.1	13.5	44.5	41.5	0	0	0	48	0	15.1	0	61	0	14.7	0	43.3	9.9	14.4	0	30.3	0	28.9	21.3	28.8
"MUEBLES PARA EL HOGAR, OFICINA, MEDICOQUIRURGICO, ETC."	1175.2	28648.6	44	3346.8	144.2	1538.9	124.6	2244.8	59.7	1934	55.3	2405.6	88.8	2999.2	65.2	2304.3	59.9	2504.1	102.3	2152.7	166.6	2445.3	137.1	2549.7	127.6	2223.2
NEUMATICOS Y TUBOS	2.5	11483.6	0	627.7	0	1061.4	0	1177.5	0	901.5	2.5	848.6	0	1403.7	0	1163	0	1033.1	0	734.9	0	1132.6	0	824.5	0	575.1
"OBJETOS DE ARTE, PARA COLECCIONES Y ANTIGUEDADES"	82.1	219.3	0.8	11.5	1.8	13.3	2	16.6	48.8	6	1.8	8.6	4.3	10.5	4.7	32.8	6.6	20	2.2	29.7	1.2	32.6	7.6	26	0.5	11.6
OTRAS MANUFACTURAS DE METALES COMUNES	251.9	37931.5	14.3	2947.6	26.6	3525.7	17.4	3413.8	10.3	2544.2	23.2	3518.7	34.5	3272.8	35	3105.3	47.2	3383.9	14.2	2919.4	10.3	3487.2	9.5	3013.1	9.4	2799.7
OTROS ACEITES ESENCIALES	3731.8	6686.4	269.1	348.6	248.2	722.4	182.9	508.4	415.6	514.2	264.5	305.2	113.6	608.1	552.1	237.5	135.8	1469.2	225.2	214.6	283.4	462.2	264.8	431.1	776.6	864.8
PAPEL Y CARTON	113.4	273125.7	0.1	17660.7	0	25254.2	0	24562.8	20.1	20437.2	12.3	21522	0	19914.7	0	21691.1	14.1	25044.6	12.9	21045.2	28.1	24158	25.8	26432.6	0	25402.6
PESCADO Y MOLUSCOS	6482	6593.3	577.5	314.6	591.9	486.9	441.3	772.8	384.6	786.1	530.2	680.2	378	418.4	277.7	569.1	217.9	558.3	230.4	268.3	581.1	530.2	887.2	755.1	1384.1	453.4
PIELES Y CUEROS	0	0.1	0	0	0	0	0	0	0	0	0	0	0	0	0	0	0	0	0	0	0	0	0	0	0	0.1
PINTURAS Y BARNICES	412.3	34807.4	29.1	3007.1	21.4	2590.1	23.3	2857.8	24.2	2546.6	34.8	2620.6	59.3	3168.9	29.6	2974.2	4.6	3633.2	46.2	2941.1	63.8	2979.6	55.4	3120.5	20.6	2367.6
"POLVORA, EXPLOSIVOS Y ARTICULOS DE PIROTECNIA"	0	28.4	0	6.1	0	0	0	17.7	0	0	0	0	0	0	0	0	0	0	0	4.5	0	0	0	0	0	0
PREPARADOS A BASE DE CEREALES	6999.7	33714.8	305.9	2595.7	535.1	3193.2	426	3405.9	983.5	2397.1	494.1	2586.7	652.2	2385.5	655	2406.4	550.2	2988.7	461.3	2449.2	869.6	3688.9	630.3	2936	436.6	2681.5
"PREPARADOS DE CARNE, PESCADO, CRUSTACEOS Y MOLUSCOS"	19575	48764.6	1540.9	3849.8	1587.3	3406.6	1887.5	4453.9	1789.9	3607.4	1190.7	3517.9	1635.7	4156.1	1433.5	3702.3	1419	4205.4	1826.3	4434.2	1608.4	4396.3	1470.4	4839.8	2185.5	4194.9
PREPARADOS DE LEGUMBRES Y HORTALIZAS	19763.9	43537.6	1412.8	2866.8	1488.5	3867.9	1363.8	3225.3	1854	2787.4	1685.4	3260.3	1853	3916.6	1647.3	3477.9	914.7	4318.7	1973.1	3679.6	1950.1	4210.8	1883.8	3698.9	1737.5	4227.6
PREPARADOS DE FRUTAS	23377.9	12020.3	1570.6	1260.8	2061	818.3	2074	1125.4	1942.3	792.2	2013.3	1118.1	1965.6	755.3	2178.6	878.7	1836	1060.1	1697.4	831.5	2103.8	1337.7	2172.8	1213.4	1762.5	828.8
"PRODUCTOS DE PERFUMERIA, TOCADOR Y COSMETICOS"	4003.8	20977.9	395.2	1591	251.4	1886.6	354.2	1957.9	310.2	1903.6	399.9	1287.3	384.7	1497.8	316.1	1719.5	322.8	1975	325.5	1682.8	306.4	2167.7	316.2	1527.5	321.3	1781.1
PRODUCTOS DIVERSOS DE LA INDUSTRIA QUIMICA	6708.6	164000.4	915.8	11435.4	609	12148.2	486.6	14750.7	724.4	11366.5	324.2	20451.7	279.6	8290.4	535.2	14189.1	1253.5	13407.4	892.4	12479.6	656.7	17435.1	9.2	14852.1	22	13194.2
PRODUCTOS FARMACEUTICOS	1660.6	44112.5	240.4	2794.9	76.2	1970.4	115	2516.2	134.3	3535.1	265.8	4551.3	123.8	3591.7	141.6	2142.5	156.4	2145	89.7	11147.8	119	2636.8	106.3	3630.6	92.1	3450.3
PRODUCTOS FOTOGRAFICOS Y CINEMATOGRAFICOS	0.4	11920.1	0.1	1010.9	0.1	822.1	0	1288.8	0.1	794.2	0	659.7	0	729.3	0.1	1258.1	0	1041	0	686.3	0	1143	0	1243.2	0	1243.4
"ROPA DE CAMA, DE MESA, TOCADOR, COCINA Y BA&O"	7866.5	9578.8	404.2	825.8	607.9	756.1	436.8	758.1	722.9	576.9	843.3	654.6	773	780.9	830.3	719.2	1100.3	949.7	542.7	699.3	632.9	755.1	441.5	1007.2	530.7	1095.9
"SALSAS, CONDIMENTOS Y SAZONADORES COMPUESTOS"	3202.7	20813.2	234.7	1604.8	228.6	1289.2	243.5	1642	314.7	1460.8	249.8	1949.1	302.7	1594.6	194.4	1671.3	185.8	1862.2	255.2	1942.5	347	2183.7	288.1	1633.6	358.2	1979.2
"SOMBREROS, PARAGUAS, TAPASOLES, OTROS"	687.3	1775.7	58.3	144.1	65.3	71.8	66.9	153.9	63.7	217.1	103.5	148.3	61.3	100.3	66.3	157.7	43.5	213.6	45	95.4	88	130.6	25.4	159.4	0.1	183.4
TABACO ELABORADO	456	10.6	33	0.3	33.3	3.9	38.4	0.2	45.5	0.2	39.4	0.3	40.9	0.2	34.2	0.5	39.5	0.6	37	1.1	38.6	1.2	34.1	0.9	41.9	1.1
TUBERIA Y SUS ACCESORIOS	1756.6	27973.8	42.7	2235.1	120.2	1802	107.9	2659.7	81.9	2060.5	102.2	2388.8	110	2633.6	42.4	2385.1	97.7	2322	168.3	2371.4	289.9	2971.2	136.1	1926.5	457.3	2217.9
VEHICULOS Y MATERIAL DE TRANSPORTE	3313.9	746973.8	317.3	37496	28.1	49237.7	294.6	66506.4	680.1	49912.5	229.6	59014.3	720.8	88830.1	199.3	63449.9	212.4	83261	131.5	62394.1	154.7	61281.8	270.9	50398.5	74.7	75191.4
VIDRIO Y SUS MANUFACTURAS	427.9	5316.4	3.8	522.7	28.9	504.7	50	533.6	7.6	437.7	12.2	392.1	21.9	442.4	28.8	445.2	17.9	471.5	117.9	449.6	14.4	446	85.8	348	38.6	322.7
