	Importaciones	Exportaciones	Importaciones	Exportaciones	Importaciones	Exportaciones	Importaciones	Exportaciones	Importaciones	Exportaciones	Importaciones	Exportaciones	Importaciones	Exportaciones	Importaciones	Exportaciones	Importaciones	Exportaciones	Importaciones	Exportaciones	Importaciones	Exportaciones	Importaciones	Exportaciones	Importaciones	Exportaciones
TOTAL	3269854.2	2215651.7	250938.5	167862.8	244966.6	175648.9	228453.4	167427.3	304097	180441.9	286245.1	182394	291298.3	160733.4	282984.4	181055.7	270014.8	218868.7	253025	223148.9	287926.9	209235.7	286113.9	183744.6	283790.4	165090
INDUSTRIAS AGROPECUARIAS	200567.2	527817.6	11345.6	40054.6	18765.5	37375.8	14220	42370.4	14047.7	37411.5	16252.1	41449.8	11582.6	44863.2	15879.5	50130.9	20621.7	43746.5	9420.6	51646.1	18129.8	51455	20338.7	46068.1	29963.5	41245.6
AJO	1.2	0.1	0.2	0	0.3	0	0.2	0	0.4	0	0	0	0	0	0	0	0	0.1	0	0	0	0	0	0	0	0
ALGODON	17679.2	0	2084.2	0	1379.9	0	1856.5	0	1588.3	0	2045.9	0	852.9	0	1013.1	0	1481.8	0	1425.1	0	928.4	0	1639.2	0	1383.9	0
ANIMALES VIVOS DE GANADERIA	315.3	147.7	14.7	145.5	16.7	0	158.4	0	21.3	2.2	1	0	0	0	0	0	1.8	0	0.2	0	3.6	0	0	0	97.6	0
ANIMALES VIVOS DIVERSOS	113.5	27.9	10.1	6.4	3.7	0	9.3	7.2	11.9	0	10.7	0	9.8	7.6	6.5	0	9.4	0	9.4	0	17.7	6.6	6.7	0	8.3	0
ARROZ	10315.4	8.4	842.7	0	1265	0	551.5	1.1	1590.5	0	4924.8	1	506.8	1	114.6	0	13	1.5	128.9	0	155.9	3.2	89	0.5	132.8	0
AVES DE CORRAL VIVAS	3097.1	0	246	0	223.4	0	239	0	238.9	0	383.7	0	243.4	0	216	0	254.5	0	180.2	0	460.7	0	267.5	0	143.8	0
BANANO	0	215794.7	0	12368.7	0	15032.5	0	18664	0	14273.2	0	12590.3	0	17983.5	0	17709.5	0	17485.4	0	23323.6	0	23154	0	27781.8	0	15428.2
"BULBOS, RAICES Y PLANTAS ORNAMENTALES"	11730	21927.9	687.4	2592.9	787.7	3029.3	426.4	2055.6	644	1183.9	1035.6	967.6	404.6	1605.6	965	2720	1017.2	1672.7	572.4	1557.8	2282.1	1592.2	2356.4	1275.3	551.4	1674.9
CAFE	1.1	120039.8	0	8327.6	0.1	6425.2	0.2	8851.1	0.1	11933.3	0.3	11006.7	0.1	13928.3	0	13813.3	0	11134.7	0	10912.3	0.3	11653.6	0	4770.4	0	7283.3
CARDAMOMO	0	3262.2	0	415.3	0	587.5	0	36	0	265.9	0	57.8	0	112.8	0	361.7	0	199.5	0	8	0	665.3	0	378.1	0	174.4
CAUCHO NATURAL (HULE)	3553.5	608.2	338.1	173.4	262.9	0	285.6	37.2	344.6	62	429.1	86.8	241	25.7	367.9	74.4	251.4	37.2	325.7	0	175.8	74.4	357.2	0	174.2	37.2
CEBOLLA	83.3	755.3	0.4	37.9	0.6	80.5	2.3	66.3	2.3	52.1	0.5	94.7	0.1	33.1	3.5	42.6	6.2	81.6	0.2	105.6	19.3	63	41.6	50.1	6.4	47.9
"CEREALES DIVERSOS (CENTENO, CEBADA, AVENA, SORGO, ETC)"	328.3	3.8	4.8	0.1	10.8	0	0	1.3	29	0.3	34.2	0.2	5	0.5	103.9	0.1	25.5	0	89.9	0	12	0.6	13	0.5	0.2	0.1
ESPECIAS	68.3	315.8	6.1	0.3	7.6	4.2	11.2	0	5.5	3.3	2.4	81.7	6	19.4	5.9	20.1	2.2	10.5	2.4	76.9	14.9	22.9	3.9	55.4	0.3	21.3
FLORES Y FOLLAJES	63.5	9265.6	1.2	852.5	0.5	2344.4	0.2	1217.1	0.7	1184.4	10.6	405.1	0	666.1	0	433.7	0.3	397.6	4.9	443.4	0	588.5	45.2	390.6	0	342.2
FRIJOL	457.1	668.4	0	32.9	0	45.6	0	32.3	42.1	42.5	2.2	44.6	0	40.4	239.9	37.8	96.1	96.6	0	96.8	18.7	60.4	20	59.2	38	79.3
"FRUTAS FRESCAS, SECAS O CONGELADAS"	8163.3	68174.4	222.2	8788.3	130.7	4407.2	102.6	4809.5	151.1	3929.2	189	8218.7	209.8	6294.3	158.4	9368.3	362.6	4796.1	451.5	3519.2	685.3	2631.2	1616.6	2759.7	3883.3	8652.7
HUEVOS DE AVES	1201.5	0	73.1	0	95.1	0	44.2	0	75.6	0	132.6	0	83	0	48.2	0	25.6	0	204.2	0	248.7	0	108.7	0	62.3	0
LEGUMBRES Y HORTALIZAS	3647.6	45282.9	61	4501.1	116.4	3312.3	408.1	3308.2	487.1	2457.5	593.6	3708.6	580.9	1453	157	2094.6	294.2	5274	267.9	4434.6	174.4	4431	281.1	5181.2	225.9	5126.8
MAIZ	67251.5	1312.5	1976.9	0	4812.4	0	8053.4	1312.5	7714.6	0	3919.1	0	4211	0	6900.3	0	5099.7	0	5135.9	0	3741.1	0	4919.6	0	10767.6	0
MANZANA	2990.3	0	145.7	0	257	0	244.7	0	76.9	0	56.2	0	60.5	0	0	0	0	0	0	0	21.6	0	498.2	0	1629.4	0
MATERIAS VEGETALES	8.9	46.8	0.3	7	2.2	1.4	0.4	8	0.5	5.7	0.2	0	1.4	0	0	0	3.1	17	0	2.1	0	2.1	0.7	3.4	0.1	0
MIEL DE ABEJAS	36.1	160.9	0.8	0	0.3	0	2.8	0	0.7	45.6	2.7	91.2	1.2	24	1.1	0	5.8	0.1	1.4	0	16.9	0	0	0	2.2	0
OTROS PRODUCTOS DEL REINO ANIMAL Y VEGETAL	7973	43.5	168.6	14	242.3	0.2	824.8	0	788.9	0.1	1290	1.7	239.2	0	1179.9	3.3	827.8	1.1	85.7	0.8	676.8	21.9	534.3	0	1114.8	0.3
PAPA	468.7	6.7	33.5	4	2.7	2	16.9	0	48.5	0	88	0	144.6	0	54.1	0	8	0	24.6	0	11.4	0	25	0	11.5	0.7
PIMIENTA	119.7	523.4	15	0	10.2	0	2.9	5.9	11.2	0	12.8	3.1	7.5	0	7.3	0	5.5	0	8	274.9	15.1	203.1	19.8	16.3	4.3	20
"PLANTAS, SEMILLAS Y FRUTAS PARA USO MEDICO Y PERFUMERIA"	1251.1	41.7	77.3	0.1	77.6	41.1	79.9	0	123.8	0	116.3	0	47.9	0	121.4	0	130.6	0	134.6	0	119.1	0	112.1	0.6	110.5	0
PLATANO	0	15382.1	0	1089.9	0	1053.2	0	1045.1	0	1107.5	0	1050.3	0	1401.7	0	1302.7	0	1580.3	0	1353.3	0	1558.2	0	1596.5	0	1243.6
SEMILLA DE ALGODON	0.3	0	0	0	0	0	0	0	0	0	0	0	0	0	0	0	0	0	0.2	0	0.1	0	0	0	0	0
SEMILLA DE AJONJOLI	0.1	11460.8	0	696.6	0	1008.1	0	911.8	0	862.6	0	537.1	0	1265.9	0	1372.7	0	960.6	0	1077.8	0	1029.8	0	625	0	1112.9
TABACO EN RAMA O SIN ELABORAR	0.2	12553.4	0	0	0	0	0.2	0	0	0	0.1	2502	0	0	0	776.1	0	0	0	4458.9	0	3692.9	0	1123.4	0	0
TOMATE	0.3	0.7	0	0.2	0	0.2	0	0.1	0.3	0.1	0	0.1	0	0	0	0.1	0	0	0	0	0	0	0	0	0	0
TRIGO	59643.7	0.7	4335.1	0	9057.8	0.7	897.2	0	48.8	0	969.4	0	3725.8	0	4215.6	0	10699.1	0	367.2	0	8329.9	0	7383.1	0	9614.8	0
YUCA	4.3	1.4	0.2	0	1.5	0.4	1.1	0	0	0.3	1.1	0.4	0	0.2	0	0	0.3	0	0	0	0	0	0	0	0	0
INDUSTRIAS MANUFACTURERAS	2491955.8	1534964	187827.2	120247	184783.3	128719.9	174935	116444.5	231634	135415.9	222788.4	124706	228316.1	103919.8	207423.4	119452.4	202799.1	162308.3	195283.3	149870.5	222367.1	135341.3	228062.9	128891.6	205736.1	109646.7
ABONOS Y FERTILIZANTES	38339.2	15.7	4403.1	0.6	2122.4	0	2115.5	0	8155	0	3388.7	0	5703.7	0	2994.5	0	1660.3	0	1468.9	0	716.4	10.6	4858.9	4.5	751.8	0
ACEITE DE SEMILLA DE ALGODON	62.5	0	0	0	0	0	0.2	0	0	0	4.7	0	0.3	0	2.5	0	0.6	0	0.4	0	0	0	53.7	0	0.1	0
ALIMENTOS PREPARADOS PARA ANIMALES	49769.5	348.9	725.9	159.8	5134.4	10	6606.3	0	5591.8	0	3917.5	138.9	4019.2	0	5000.8	4.5	2458.9	0	4400.6	35.8	2403	0	3077.7	0	6433.4	0
APARATOS ELECTROMECANICOS DE USO DOMESTICO	38536.9	384.1	2606.6	20.6	2335.3	0.8	2371.4	2.5	3944.3	193	2771.3	13.3	3105.5	4.2	2817.1	26.8	3313	57.4	2956.6	1	4219.8	53.3	4462	8.5	3633.9	2.6
APARATOS DE REGISTRO Y REPRODUCCION DE SONIDO	5371	7.6	244.6	0.2	362.7	0	305.2	0.3	521.7	0.4	647.5	0.9	399.4	0.8	438.6	1.2	443.9	2.3	355.7	0.3	510.4	0.4	495.6	0.6	645.8	0.3
APARATOS TRANSMISORES Y RECEPTORES	143012.7	736.7	5256.1	5.6	5507.2	0.1	8312.9	0.7	10948.5	30.8	11452.2	163.2	26255.6	1	17430.4	477.9	11838.4	4.5	7738.1	3	8410.8	4.2	19220.6	44.8	10642.1	1.1
ARMAS Y MUNICIONES	1735.8	0.4	313.8	0.4	5.2	0	196.7	0	193.5	0	121.9	0	136.5	0	89.3	0	163.8	0	294.5	0	77.9	0	97.1	0	45.6	0
ARTICULOS DE VESTUARIO	71226.5	1173729	5968.1	88894.3	5621.2	95196.9	4790.3	95375.3	7185.9	98041.7	6106.1	97351.7	7070.1	85232.3	5664.2	87591.3	6344.4	127652.6	5078.5	112734.2	5403.8	103988.5	6320.2	101146.4	5673.8	80523.7
AVES DE CORRAL BENEFICIADAS	14370.4	0	1206.6	0	1143.1	0	952.5	0	1383.2	0	1224.5	0	1315.1	0	1312.2	0	1138.9	0	826.5	0	1229	0	1266.8	0	1371.9	0
AZUCAR	33.1	29544.8	3.7	2841.8	0	10348.6	0.1	0	6.6	11511.5	5	0	8.4	38.5	0.2	15.4	6.7	0	0.9	1108.1	0.1	940.2	0.2	0	1.4	2740.7
AZUCARES Y ARTICULOS DE CONFITERIA	5930.2	1056.3	599.5	301	597.7	227.5	373.7	39	519.2	1.6	395	111.7	390.2	0	273.1	119.7	379.5	64.7	449.5	39.6	1007.5	28.4	480.4	84.3	464.8	38.9
BATERIAS ELECTRICAS	7691.4	475.9	633.4	2.2	528.6	72.9	381.4	0	599.2	53.7	700.8	35.1	602.4	14.1	525.4	24.5	746.2	264.8	632.2	0	1051.2	0	732.8	0	557.7	8.5
BEBIDAS LIQUIDOS ALCOHOLICOS Y VINAGRES	2811.1	7298.1	211.3	1229.3	275.4	142.2	344.2	1244.7	320	124.9	274.8	83.2	313.6	1000.3	182	991.3	91	53.1	121.3	1776.4	257.2	335.1	268.3	59	152.2	258.7
BORRA DE ALGODON (LINTERS)	46.8	0	0	0	0	0	1.8	0	16.6	0	0	0	0	0	18	0	0	0	10.3	0	0	0	0	0	0	0
CAFE SOLUBLE Y MOLIDO	260.7	102.4	12.8	0	41	13.4	67.2	0	26.9	17.8	12.6	0	16.8	15.4	6.2	0	16.3	2.2	20	52.3	18	1.3	6.1	0	16.9	0
CALZADO	10580.5	1599.4	485.6	107.8	451.3	102.3	613.9	150.2	776	150.4	610.4	178.8	746.1	152.2	833.7	0.6	931.7	176.7	880.8	126.5	756.1	167.5	1989.8	219.3	1505.1	67.2
CAMARON Y LANGOSTA	1077.6	22858.4	7.7	867	47.1	2612.9	3.5	1184	2.6	963.8	20.4	539	9.1	556.2	4	2058.6	13.7	4358.7	9.4	2186.6	14.9	1561.6	4.1	3133.1	941	2837
CARNE	5593.2	0	429.6	0	467.1	0	310.9	0	595.1	0	648.7	0	367.4	0	270.4	0	377.6	0	374.6	0	561.7	0	593.2	0	596.9	0
CERAS	2260.1	27093.7	60.4	6750.1	99.7	2169.1	164.5	1594.8	209.8	2596.9	132.8	1299.3	94	848.8	102.4	0.3	79.5	4250	388.1	1612.4	459.8	788.9	337.4	3356.8	131.8	1826.2
CLAVOS Y TORNILLOS	5802.4	411.1	381.4	28.4	321.6	7	472.7	19	695.5	13.3	637.9	60.8	681.1	37.1	692	15.9	567	58.7	355.2	52.8	287.5	51.5	390.3	35.8	320.1	30.8
DETERGENTES Y JABONES	6161.7	13724	471.6	1338.7	1071.7	1544.9	416.1	1572.5	542.4	757.4	684.9	805.9	385	249.4	514.3	236.7	495.2	2032.6	381.6	1827.4	518.2	1027.2	409.7	1397.8	271.2	933.3
"DISCOS, MATRICES Y CINTAS (DE GRABACION)"	6705	32	1104.4	6	622	0.2	545.7	0.2	688.9	0.1	501.6	0.9	353.1	6	461.5	6.4	507.2	0.9	408.4	2.8	724.6	1.1	422	7.3	365.6	0.2
GLICERINA CRUDA	93.1	39.2	0	0	18.3	25.9	0.6	13.2	0.5	0	18.5	0	18.4	0	0	0	0	0	18.5	0	0	0	18.4	0	0	0
GRASAS Y ACEITES COMESTIBLES	54212.1	358.4	4949.8	0	3381.9	1.7	1823.9	34	2783.3	2.8	5540.6	89.4	2788.8	20	6169.2	0	2847.5	10.5	8302.4	35.8	2320.1	18.7	3070.5	140	10234.1	5.5
HARINAS DE CEREALES	4543	33.9	234.6	5	410.2	1	373	1.4	376	0.2	160.1	2.1	326.3	2.1	356.5	1	511.6	2.5	241.3	0.3	304.4	9.5	867.7	6.1	381.2	2.7
HERRAMIENTAS ARTICULOS DE CUCHILLERIA	10113.7	25.5	914.6	0.6	661.4	0.1	694.1	0.8	935.4	14	876.6	1	1005.2	1.2	885.7	1.1	742.7	0.9	811.6	1.5	995.7	2.6	787.1	1.1	803.8	0.7
HILOS E HILAZAS	70520.2	4852.8	4299.6	182.2	5732.1	124.2	4975.7	211.1	7029.9	623.5	6248.3	170.5	8757.9	408.9	6715.9	577.5	6271.6	318.1	4882.6	452.5	5376.5	535.8	5736.8	484.4	4493.2	764
"INSECTICIDAS, FUNGICIDAS Y DESINFECTANTES"	25621.9	10794.6	3467.4	499.6	3760	0	3081.8	633.9	2041.1	1605.2	2038.7	2271.9	2446.2	596.2	2104	0	2252.1	1492.6	1001	915	2093.8	1850	762.8	484.9	573	445.3
INSTRUMENTAL MEDICO Y OTROS	53763.3	3906	6114.7	22.6	4323.7	28.7	3740.8	213.8	4419.7	112.4	5266.7	424.9	3936.9	136.9	3844	74.3	4170.2	758.6	4145.3	767.2	4635.4	87.1	4168.9	1040.5	4997	239
JOYERIA DE FANTASIA	21.8	0	0.2	0	1.6	0	0.2	0	1	0	12.2	0	0	0	2.1	0	2.2	0	0.4	0	0.6	0	0	0	1.3	0
"JUGUETES, JUEGOS Y ARTICULOS DE RECREO Y DEPORTES"	20499.7	17069.6	1247.5	160.3	1534.6	93.4	1311.3	171.9	1743.9	331.2	1605.1	516.9	1297.4	1788.2	1708.6	2294.1	1240.3	4203.9	1920.4	3505.8	1686.2	1664.2	3221	2133.7	1983.3	205.9
LAMINA Y ALAMBRE	24187.4	2393.5	2786.8	200.2	2042.3	215.8	1476.7	213.4	2773.8	59.4	751.3	175.1	2861.8	0	1673.7	305.1	1413.2	400.5	2544.9	471.9	3275.4	0	1736.6	178.4	850.9	173.7
LECHE Y OTROS PRODUCTOS LACTEOS	7948.5	106.7	1096.7	0.1	1036.7	0.6	600.2	15.5	622.2	0.4	722.3	0	643.3	0.3	352.1	0.2	619.8	0.2	572.8	76.8	703.6	6.6	590.9	3.2	388.1	2.9
MADERA EN TROZA	9.7	95.6	0	6.8	0	0	0	17.1	0	18.6	0	0	1.8	12.2	0	0	0	13.5	3.6	15.6	2.1	11.7	2.1	0	0.1	0
MANUFACTURAS DE CAUCHO	10527.9	4305.9	977.7	121.2	753.4	370.8	700.9	392.6	930.3	269.3	1062.9	401	807.3	285.9	1059.7	526.3	964.3	233	767.9	303.7	907.3	62.3	900.1	644	696.1	695.8
MANUFACTURAS DE CERAMICA	3226	8355.8	302.3	874.7	289.6	674.7	294.2	396.6	307.2	839.9	294.6	860.7	213.2	646.5	281.5	513.4	254.4	588.4	250.2	940	214.2	852.6	288.9	610.2	235.7	558.1
MANUFACTURAS DE CUERO	1478.6	14019.5	76	987.5	106.2	1187.4	75.2	1028.6	105.3	1218.9	87.2	1115.9	121.7	1065.8	318.7	1752.9	113.3	1204	75	806.6	159.5	2124.3	160.9	671.6	79.5	855.9
MANUFACTURAS DE MADERA	4853.8	23630.7	459.1	1445.8	426.9	1267.8	476.1	2211.1	469	1018.1	387.9	2792.8	293.7	1919.1	516.6	1369	572.9	2263	327.6	2484.1	226.4	2723	322.5	2781.3	375.1	1355.5
MANUFACTURAS DE PAPEL Y CARTON	81277.2	24191.7	6585.8	2149.8	6832	1709.8	5890.3	2628.2	7316	1145	6038.9	2284	5563.1	793.5	6003.7	705.2	6524.3	2745.7	5470.6	5299.8	7624.3	1635.7	10228.8	1596.4	7199.4	1498.6
"MANUFACTURAS DE PIEDRA, CEMENTO, YESO, ETC"	1432.1	2399.9	77.6	358.9	99.2	62.3	140.4	59.7	149.2	290.2	196.3	156.7	121.7	303.4	116.8	190.2	89.4	175.2	76.6	205.8	127.3	193.7	123.9	168.3	113.6	235.4
MANUFACTURAS DE PIEDRAS Y METALES PRECIOSOS Y SEMI PRECIOSOS	2800.2	49661.3	121.2	2971	249.9	3270.2	137	3726.7	238.6	5954	329	4552.3	226.1	2188	110.5	5356.1	233.5	2677.8	243.1	5203	236.1	7031.6	308.7	3836	366.6	2894.5
MANUFACTURAS DE PIELES	240.6	344.3	0.6	0	0.2	56.6	5.7	43.2	1	111	22.1	106.1	83.3	20.3	78.8	7.1	37.7	0	0.3	0	4.9	0	4.2	0	1.9	0
MANUFACTURAS DIVERSAS	48703.7	1614.4	3984.4	149.1	3857.7	102.6	4143.9	55	4322.7	99	4045.9	146.9	4149.8	436.3	4079	27.5	3694.1	98.4	3642.9	174.6	4329.3	263.9	4163.6	52.4	4290.4	8.6
MAQUINAS Y APARATOS MECANICOS PARA USOS ELECTROTECNICOS	372753.9	9126.6	30170.8	136.6	30679.1	462.1	25525.1	149.5	36715.4	633.7	38778.7	136.6	31899	664.5	27354.6	456.6	30830.6	198.7	26127.8	279.7	36819.3	266.1	31297.7	125.9	26555.8	5616.8
MATERIALES PLASTICOS Y SUS MANUFACTURAS	176613.8	7219.9	14779.8	724.8	12749.1	290.9	11594.1	360.7	16836.1	1325.8	18529.8	635.6	16036	306.7	13657.8	384.3	15452.4	474.4	14325.5	1078.2	15264.7	535.2	15639.5	434.9	11748.9	668.5
MATERIALES TEXTILES (TEJIDOS O TELAS)	296901	6749.9	19853.1	573.7	21058	600.6	18147.7	270.7	31227.4	1094	31295.3	500.4	29617.8	431.9	24173.6	532.1	24566.8	628.3	24610.8	466.2	27028.1	851.2	25622.3	391.7	19700.1	409.1
MELAZAS DE AZUCAR	0	15879.2	0	0	0	2593.1	0	0	0	0	0	2774.5	0	1039.3	0	8541.6	0	0	0	0	0	930.8	0	0	0	0
MOTA DE ALGODON	244.7	0	5.4	0	8.4	0	5.9	0	6.1	0	43.8	0	21.6	0	11.3	0	25.1	0	70.8	0	33.7	0	0	0	12.4	0
"MUEBLES PARA EL HOGAR, OFICINA, MEDICOQUIRURGICO, ETC."	11748.1	6365.6	877.9	669.9	735.4	558.3	779.2	328.2	790	618.4	895.1	1024.5	1000.2	56.4	1114.9	852.9	869.1	578	1096.4	489.3	1422.5	370.1	1149.2	677.6	1018.1	142
NEUMATICOS Y TUBOS	24742.5	781.3	1884.2	0	2053.3	45.2	1752.8	0.5	3188	273.7	1980.9	131.7	1995.2	100.1	1898.4	43.5	1970.7	96.2	2042	46.8	2263.3	28.9	2040.6	14.7	1673.3	0.2
"OBJETOS DE ARTE, PARA COLECCIONES Y ANTIGUEDADES"	289.3	21.1	16.5	0.9	4.8	0.3	7.3	0.9	23.4	0.8	144.6	3.6	6.6	2.1	23.6	2.1	8.2	4.5	11.3	0.3	10.3	2.8	10.6	1.9	22.1	0.7
OTRAS MANUFACTURAS DE METALES COMUNES	27509.5	2077.6	1799	3	2979.5	400.3	1352.7	7.7	1848.4	110.2	2552.3	318.7	2497.4	54.8	2793	62.9	2017.9	210.3	2324.3	280.1	2527.8	268.2	2607.2	280.2	2210	81.2
OTROS ACEITES ESENCIALES	7565.2	486.3	493.1	0.2	596.5	104.1	541.1	0	933.8	50.6	647.3	0	750.2	55.8	462.9	49.5	1102.8	44.4	448.3	97.1	712.2	68.3	534.6	11	342.5	5.4
PAPEL Y CARTON	97174.1	8	7049.3	0.4	8335.6	0	9110.4	0	9849.3	0	6644.5	0	6270.9	5.5	6954.9	0.1	8356.1	1.1	7883.9	0.4	10734.3	0.3	9731.3	0.1	6253.6	0
PESCADO Y MOLUSCOS	766.3	1932	63	35.9	84	21.1	5	60.7	79.8	60.3	47.1	249.6	45.6	222.9	84.6	302.7	88.7	347.1	42.2	283.6	84.3	271.3	99.7	38.9	42.5	38
PIELES Y CUEROS	0.1	0	0	0	0	0	0	0	0	0	0	0	0	0	0	0	0	0	0.1	0	0	0	0	0	0	0
PINTURAS Y BARNICES	27846.4	89	1971.5	14.8	2079.1	11.6	1831.5	11.3	2627.7	18.8	1895.4	0	2802.9	0	2138.5	10.2	2189.3	0	2607	4.6	2980	0	2413.6	17.6	2309.9	0
"POLVORA, EXPLOSIVOS Y ARTICULOS DE PIROTECNIA"	56.4	0	0	0	0	0	0	0	3.3	0	20.8	0	7.9	0	0.9	0	0.9	0	2.6	0	0	0	20	0	0	0
PREPARADOS A BASE DE CEREALES	18171.1	1622.4	1421.4	15.3	1418.8	46.4	1464.5	20.9	2070.8	62.5	1770.8	152.5	1477.5	11.1	1369.7	197.7	1228.7	115.1	1279.7	614.9	2377.4	148.2	1237.7	109.8	1054.1	128.1
"PREPARADOS DE CARNE, PESCADO, CRUSTACEOS Y MOLUSCOS"	16563.5	5724.1	1336	925.4	1289.7	280.5	1133.2	388.8	1302.8	256.3	1226.9	252.6	1241.4	377.3	1339	513.8	1497.4	484.3	1392.1	289.8	1698.6	761.7	1550.2	522.3	1556.1	671.2
PREPARADOS DE LEGUMBRES Y HORTALIZAS	8154.1	4829.3	1059.1	602.2	1431.2	286.1	752.4	193.3	600.9	354.4	668.5	506.3	333.6	313.6	751.4	319.1	592.7	501.1	428	712.3	469.8	502.1	553	244.4	513.6	294.3
PREPARADOS DE FRUTAS	5641.4	2121.6	580.9	179.4	328.7	56.1	543.3	7.7	638.3	140.5	458.9	57.9	176	59	486.3	109	503.2	547	275.1	392.2	645.1	196.3	603.1	119.3	402.5	257.4
"PRODUCTOS DE PERFUMERIA, TOCADOR Y COSMETICOS"	17698.1	1874.7	1819.9	35.4	1522.5	76.8	1215.4	362.5	1752.3	176.5	1775	197.9	871.2	19.7	1353.6	138.2	1498.4	217.6	1551.9	136.3	1717.4	158.9	1639	110.2	981.6	244.9
PRODUCTOS DIVERSOS DE LA INDUSTRIA QUIMICA	84676.9	3983.1	7545.9	2558	5474.6	403.3	5065.1	99.9	7649	246.9	7910.4	39.6	6441.6	44.6	7369.1	199	8089.2	78.4	7786.9	31	8759.5	53.4	7020.3	73.3	5565.2	155.8
PRODUCTOS FARMACEUTICOS	27271.5	1460.8	5225.2	54	1696.2	58	2433.5	77.2	1623.3	80.4	1460.8	67.4	3033.2	3.7	1891.1	110.9	1427.9	166	3197.7	10.9	1583.4	142.6	1430.3	366.2	2269	323.8
PRODUCTOS FOTOGRAFICOS Y CINEMATOGRAFICOS	12404.1	2.6	868.3	0.2	1067	0.1	980.7	0	1195	0	1015.1	0	994.5	0	958.8	0	1066.2	0	1184.6	0	978.7	0	1126.1	0	968.9	2.3
"ROPA DE CAMA, DE MESA, TOCADOR, COCINA Y BA&O"	3643.6	10062.4	304.9	363.3	268.7	655.4	155.3	598.5	357.9	1617.5	238.9	442.3	330.5	967.1	246.2	706.1	307.6	871.2	511.5	961.1	359.6	1061	235.2	459	327.3	1359.7
"SALSAS, CONDIMENTOS Y SAZONADORES COMPUESTOS"	3313.4	210.7	211.8	10.3	306.1	3.4	234.5	17	284.4	0	337.9	1	354.2	124.5	171.6	4.3	237.3	2.1	398.7	17.9	265.7	22.2	317.4	5.5	193.8	2.5
"SOMBREROS, PARAGUAS, TAPASOLES, OTROS"	713.3	1735.9	33.7	196.2	121.7	115.4	54.6	24	81.9	54.8	68.8	55.4	57.3	232	70.7	310.6	24	232.2	52.4	259.6	36.7	212.3	63	33.5	48.5	10
TABACO ELABORADO	16.1	0	4.2	0	0.1	0	0.6	0	1.2	0	0	0	5.7	0	0	0	0	0	0.4	0	2.1	0	0	0	1.9	0
TUBERIA Y SUS ACCESORIOS	17043	864.7	1461	239.9	1210.6	0	1204.7	14.6	1088.9	0	1501.3	211.5	1602.6	0	1685.4	107.7	2000.7	88.1	1360.6	70.9	1668.5	0.4	1119.6	131.3	1139.2	0.3
VEHICULOS Y MATERIAL DE TRANSPORTE	380568.6	1251.3	23551.6	218	24383.7	8.1	29116.6	39.7	28489.2	69.4	29983.2	92.5	29931.6	34.1	32270	220.4	32063	212	31203.9	62.9	37482	234.4	36395.9	40.2	45697.9	19.6
VIDRIO Y SUS MANUFACTURAS	8413	866	617	0.2	628.2	0.2	638.9	159.3	880.6	0.1	932.1	3.1	877.6	12.5	781.8	5	655.4	43.8	615.6	65.1	591.5	221.6	654.6	351.4	539.7	3.9
INDUSTRIAS EXTRACTIVAS	577331.2	152870.1	51765.7	7561.1	41417.8	9553.2	39298.5	8612.4	58415.3	7614.5	47204.6	16238.1	51399.6	11950.3	59681.5	11472.3	46594.1	12813.9	48321	21632.4	47430	22439.4	37712.3	8784.8	48090.8	14197.7
ALUMINIO	7111.2	2561.2	626.4	344.7	742.6	413	440.1	7	805.5	173	673.5	154.2	762.3	40.6	289.8	120.7	675.5	446.1	782.5	58.8	496.4	42.3	379	601.6	437.7	159.2
ASFALTO	356.2	0	50.2	0	22.6	0	10.4	0	27.5	0	19.5	0	22.1	0	25.4	0	39.6	0	35.4	0	25.9	0	67.9	0	9.7	0
CEMENTO	32.9	0	0.1	0	0.3	0	1.3	0	2.6	0	0	0	0	0	0.4	0	0	0	0	0	1.1	0	0	0	27.1	0
COBRE Y SUS MANUFACTURAS	579.4	323.8	147.4	23	6.7	29.3	13.5	9.1	38.9	25.6	36.6	2.8	80.4	3.5	63.9	10.8	42	44.2	18.1	32.1	40.8	35.5	27.6	79.5	63.4	28.4
DESPERDICIOS Y DESECHOS DE METALES (CHATARRA)	35	550.8	0	13.3	0	27.8	0	0	0	76	34.2	24.7	0	116	0	0	0	40	0.1	122	0.1	65.1	0	66	0.6	0
DIESEL	66446.9	1.2	7525.2	0	5227.7	0	7482.9	1.2	6047.6	0	8680.7	0	6931.6	0	10366.7	0	6672.4	0	7512.1	0	0	0	0	0	0	0
ESTA&O	73	0	3.4	0	4.2	0	15.2	0	1.9	0	0.9	0	5	0	2.6	0	2.8	0	24.8	0	3.4	0	7.1	0	1.7	0
GASES INDUSTRIALES	5826.6	0.1	287.1	0	65.7	0	66.2	0	587.6	0	1213.1	0	46.4	0	828.8	0.1	416.9	0	627.2	0	306.7	0	1298.7	0	82.2	0
GASOLINA	65136.4	25.9	6053.8	0	5467.4	0	3562.2	4.3	8309.2	0	7828.2	0	7757.2	21.6	11378.8	0	6912.9	0	7866.7	0	0	0	0	0	0	0
GAS PROPANO	40911.7	0	4948.1	0	3691.9	0	6576.1	0	3058.8	0	1754.5	0	2293.4	0	3640.7	0	2637.1	0	3652.5	0	2344.7	0	3599.7	0	2714.2	0
HIERRO Y ACERO	24293.2	34.7	4407.9	0	1373.6	0	1348.3	0	1643.9	34.7	331.2	0	2124.9	0	1961.5	0	1248.2	0	3642.3	0	3512	0	1005.1	0	1694.1	0
KEROSENE	5228.1	0	663	0	488	0	384.4	0	591.6	0	643.9	0	489.1	0	606.7	0	638.5	0	722.9	0	0	0	0	0	0	0
MAGNESIO	60.3	0	0.3	0	4.9	0	5.1	0	3.8	0	1.4	0	1.7	0	19.2	0	7.1	0	5.2	0	8.3	0	1.7	0	1.7	0
MARMOL	8	14.9	1.1	0	0.1	0	1	0	0	0	2.2	0	0	1.3	0.1	2.6	0	0	3.3	0	0.1	1.3	0	0	0.1	9.7
NIQUEL	29.8	0	0	0	5.9	0	2.8	0	6.7	0	0.3	0	0	0	0	0	0	0	0.3	0	5.8	0	2.9	0	5.1	0
OTROS DERIVADOS DE PETROLEO	195210.5	280.4	7492.4	120	8924.1	0.1	4242	7.4	9961.2	7.2	9946.3	0	9480.6	6.9	11857	0	9156	0	18637.9	104.9	36809.1	6.2	28560.7	8.6	40143.2	19.3
OTROS METALES COMUNES	11.9	0	0.2	0	0.1	0	0	0	0.3	0	0.7	0	5	0	0.2	0	3.4	0	0	0	0.4	0	1.6	0	0	0
PETROLEO	103428.5	148955.9	14974.8	7036.4	7969.2	9056.3	8657.4	8572.9	20175.3	7291.2	10499.9	16047.6	20340.3	11747.7	10345.8	11317.8	10466	12283.3	0	21312.1	0	22287	0	8026.1	0	13977.5
PIEDRAS Y METALES PRECIOSOS Y SEMI PRECIOSOS	47424	20.4	2784.7	1.6	3998.4	0.2	5879.5	1.6	5766.1	2.4	4865.8	0.6	480.9	0.4	7685.7	2.4	6269.2	0.1	3772.2	2.6	2112.2	1.9	1824.5	3.1	1985	3.6
PLOMO	46.8	0.1	7.7	0	1.4	0	0.7	0	0.5	0	11.3	0	12.9	0	1.4	0	0.9	0	6.6	0	0.9	0	2.4	0	0.1	0.1
PRODUCTOS MINERALES DIVERSOS	8184.7	12.2	910.7	4.4	2509	0	475.7	0	537.3	0	409.2	3.9	559.2	3.5	337.4	0.2	663.1	0.1	369.2	0	765.2	0.1	343.8	0	304.9	0
ZINC	6896.1	88.5	881.3	17.7	914.2	26.6	133.5	8.9	849	4.4	251.2	4.4	6.5	8.9	269.5	17.7	742.6	0	641.6	0	996.9	0	589.7	0	620	0
