	Importaciones	Exportaciones	Importaciones	Exportaciones	Importaciones	Exportaciones	Importaciones	Exportaciones	Importaciones	Exportaciones	Importaciones	Exportaciones	Importaciones	Exportaciones	Importaciones	Exportaciones	Importaciones	Exportaciones	Importaciones	Exportaciones	Importaciones	Exportaciones	Importaciones	Exportaciones	Importaciones	Exportaciones
TOTAL	141254.7	73251	13592.2	4281.1	3970.3	4307.1	9227.9	9825.5	10167.1	4168.7	13418.6	8502.4	6945.6	5131.6	4533.9	4829.5	11908.2	4610.5	4761.4	9315.4	6072.4	10647	17355.8	2748.1	39301.3	4884.1
INDUSTRIAS AGROPECUARIAS	44915.7	39759.9	8912	3617.3	692.5	3230.8	4356.3	5320.8	677.5	3690.4	8543.2	3790.5	1381.8	4286	813.9	3453.6	8334.4	3419	639	3558.2	457.4	2206.3	9496.1	2126.8	611.7	1060.1
ANIMALES VIVOS DE GANADERIA	95.6	0	0	0	54.4	0	0	0	0	0	0	0	0	0	41.1	0	0	0	0	0	0	0	0	0	0	0
ANIMALES VIVOS DIVERSOS	1.8	0	0	0	0	0	0	0	0	0	0	0	0	0	0	0	0	0	0	0	0	0	1.8	0	0	0
AVES DE CORRAL VIVAS	183.7	0	0	0	49.4	0	0	0	0	0	0	0	0	0	67.2	0	0	0	0	0	0	0	67.2	0	0	0
"BULBOS, RAICES Y PLANTAS ORNAMENTALES"	561.2	324	66.1	97.6	42.9	37	76.2	37.5	47.1	14.9	56	20	73.8	7.3	56.2	19	17.8	12.2	64.7	13.5	10.6	7.7	16.9	21.1	33.1	36.3
CAFE	0	37876.7	0	3111.8	0	2975.6	0	5111.2	0	3489.2	0	3667.6	0	4211.5	0	3415.7	0	3337.7	0	3476.8	0	2166.4	0	2022.2	0	890.9
CARDAMOMO	6.5	228.9	0	103.3	0	9.7	0	54.7	0	6.1	0	0	6.5	3.5	0	1.4	0	4.5	0	0	0	0	0	7	0	38.7
"CEREALES DIVERSOS (CENTENO, CEBADA, AVENA, SORGO, ETC)"	574.6	0	70.2	0	73.4	0	35.9	0	48.8	0	19.7	0	62.5	0	68.1	0	41.3	0	48.6	0	13.2	0	45.2	0	47.7	0
ESPECIAS	37.3	0	0	0	8.7	0	0	0	0	0	8.9	0	8	0	0	0	0	0	0	0	0	0	11.7	0	0	0
FLORES Y FOLLAJES	29.1	145.5	0	4.2	0	24.7	0	7.3	0	22.3	7.8	24.5	0	2.2	0	3.2	0	1.6	0	5.3	0	15.9	21.3	18.3	0	16
FRIJOL	112.4	13.7	0	0.9	0	1	0	1.1	0	0.6	0	1.9	0	0.6	0	0.9	0	0.1	69.3	1.1	0	0.5	0	1.4	43.1	3.7
"FRUTAS FRESCAS, SECAS O CONGELADAS"	0	66.3	0	22	0	22.4	0	0	0	0	0	0	0	0	0	0	0	0	0	0	0	5.1	0	1	0	15.7
HUEVOS DE AVES	3.1	0	1	0	0	0	1.8	0	0	0	0.3	0	0	0	0	0	0	0	0	0	0	0	0	0	0	0
LEGUMBRES Y HORTALIZAS	467.1	369.9	29.1	123.8	36.4	83.8	23.6	25.3	24.5	42	20.5	2.2	53.5	3.2	33.3	13.5	4.8	4.5	33.1	8.7	34.8	10.6	67.8	17.5	105.8	34.7
MAIZ	4.7	0	0	0	0	0	0.9	0	0	0	1.4	0	0	0	1.3	0	0	0	1.1	0	0	0	0	0	0	0
MANZANA	118.1	0	0	0	0	0	0	0	0	0	0	0	0	0	0	0	0	0	0	0	0	0	16.8	0	101.3	0
OTROS PRODUCTOS DEL REINO ANIMAL Y VEGETAL	368.9	0.1	13.1	0	28.7	0	0	0	92.8	0.1	35.2	0	0	0	102.4	0	27.4	0	11.2	0	29.3	0	14.5	0	14.2	0
PAPA	5130.1	0	561.5	0	398.7	0	551.6	0	464.3	0	533.1	0	443.6	0	444.3	0	446.9	0	410.9	0	369.5	0	239.1	0	266.6	0
PIMIENTA	0	0.9	0	0	0	0	0	0	0	0	0	0	0	0	0	0	0	0.9	0	0	0	0	0	0	0	0
SEMILLA DE AJONJOLI	0	733.9	0	153.6	0	76.8	0	83.6	0	115.2	0	74.3	0	57.6	0	0	0	57.6	0	52.8	0	0	0	38.4	0	24
TRIGO	37221.5	0	8171	0	0	0	3666.4	0	0	0	7860.1	0	734	0	0	0	7796.1	0	0	0	0	0	8993.9	0	0	0
INDUSTRIAS MANUFACTURERAS	64991.1	33441.8	4576.5	663.7	3224	1076.2	4823.7	4504.7	9446.2	478.3	4677.9	4711.8	5405.1	845.6	3664.2	1376	3340.9	1191.4	3907.4	5731.3	5194.8	8420.2	7579	621.3	9151.3	3821.3
ABONOS Y FERTILIZANTES	3490.1	0	334.5	0	16.2	0	0	0	0	0	0	0	0	0	7.8	0	0	0	50.2	0	564.6	0	40.2	0	2476.7	0
ALIMENTOS PREPARADOS PARA ANIMALES	162.3	0	5.4	0	19.4	0	11.3	0	18.9	0	15.7	0	15.4	0	35.5	0	6	0	0	0	34.3	0	0.5	0	0	0
APARATOS ELECTROMECANICOS DE USO DOMESTICO	197.2	17.6	5.3	0	20.5	15.8	0.5	0.1	18.7	0	26.7	0	25.8	0	56.5	0.2	6.8	1.1	2.9	0	11.3	0	21.1	0	1.1	0.3
APARATOS DE REGISTRO Y REPRODUCCION DE SONIDO	226.4	0.7	0	0	17.8	0	1.2	0.1	32.2	0	0.1	0	0	0	1.6	0	86.6	0.5	43.3	0	42.2	0	1.2	0	0.3	0.1
APARATOS TRANSMISORES Y RECEPTORES	875.4	6.2	73	0	62.2	0	34.5	0	73.9	0	61.2	0	37.3	0	118	0.1	158.2	6.1	56.2	0	51.1	0	92.7	0	57.2	0
ARTICULOS DE VESTUARIO	187.9	7051.7	11.6	607.6	0	972.1	30.6	634.1	18.2	355.9	0.5	500	6	675.7	7.6	956.8	6.6	747.1	0.1	317.9	106	821.4	0.3	272.2	0.4	191.1
AVES DE CORRAL BENEFICIADAS	1958.9	0	76	0	230	0	205.6	0	125.7	0	315.8	0	293.8	0	283.1	0	154	0	115.9	0	104.1	0	16	0	38.9	0
AZUCAR	1.8	22946.8	0	0	0	0	0	3754.5	0.5	0	0	4024.9	0	0	0	0	0	0	0	4903.5	1.4	6905.5	0	62.3	0	3296.2
AZUCARES Y ARTICULOS DE CONFITERIA	381.6	6	16.6	0	2.9	0	0	0	14.5	6	0.5	0	22.8	0	27.4	0	87.3	0	68.1	0	54.6	0	41.2	0	45.8	0
BATERIAS ELECTRICAS	0.2	0	0	0	0	0	0	0	0	0	0	0	0	0	0	0	0	0	0	0	0	0	0.2	0	0	0
BEBIDAS LIQUIDOS ALCOHOLICOS Y VINAGRES	0.3	3.6	0	0	0	0	0	0	0	0	0.1	0	0	0	0	0	0	0	0	0	0	0	0.1	0	0	3.6
CAFE SOLUBLE Y MOLIDO	0	0	0	0	0	0	0	0	0	0	0	0	0	0	0	0	0	0	0	0	0	0	0	0	0	0
CALZADO	51.2	36.2	1.7	0	0.1	0	4	0	0.2	0	4.1	0	0	0	9.7	0	0	0.2	0.2	0	11.2	36	0.2	0	19.9	0
CARNE	535.7	0	1.6	0	145.2	0	81.1	0	2.4	0	2.8	0	35.7	0	60.6	0	13	0	23.8	0	34.8	0	83	0	51.8	0
CERAS	0.3	0	0	0	0	0	0	0	0	0	0.3	0	0	0	0	0	0	0	0	0	0	0	0	0	0	0
CLAVOS Y TORNILLOS	237.9	0	1.1	0	6.6	0	44.1	0	14	0	4.6	0	1.8	0	36.1	0	41.4	0	87.4	0	0.6	0	0.3	0	0	0
DETERGENTES Y JABONES	49.5	433.8	0	0	0.1	0	0	0	0	0	1.8	0	0.5	0	20.7	0	20.7	156	0	118.8	0	159	5.5	0	0.2	0
"DISCOS, MATRICES Y CINTAS (DE GRABACION)"	3.7	0.9	0	0	0	0	0	0	0.1	0	0	0	3.5	0	0	0	0	0.9	0	0	0	0	0	0	0	0
GRASAS Y ACEITES COMESTIBLES	4471	96.5	578.1	0	510.1	13.6	158.6	13	130	0	31.7	0	34.5	13	28	13	108.9	13	214.7	0	175.6	0	1042.3	10.2	1458.4	20.4
HARINAS DE CEREALES	2182.7	0	0	0	24.5	0	0	0	1082.5	0	0.1	0	1017	0	0	0	8.4	0	8.4	0	16.8	0	0	0	25	0
HERRAMIENTAS ARTICULOS DE CUCHILLERIA	600.9	0.7	127.2	0	6.9	0	8.5	0	107.1	0	149.5	0	34.1	0	8.6	0.2	22.9	0.5	59.8	0	18.3	0	43.8	0	14.2	0
HILOS E HILAZAS	788.3	45.3	0.1	2.1	6.1	0	117.2	0	194.6	21.4	121.3	0	92.5	0	0.6	0	0.9	21.7	0	0	87	0	128.1	0	39.8	0
"INSECTICIDAS, FUNGICIDAS Y DESINFECTANTES"	16	0	0	0	0	0	0	0	0	0	0	0	13.3	0	1.9	0	0.8	0	0	0	0	0	0	0	0	0
INSTRUMENTAL MEDICO Y OTROS	1723.7	0.9	73.5	0	52	0	546.3	0.1	297.8	0	71.9	0.1	328.4	0	5.1	0.4	37.2	0.4	47.1	0	67.3	0	70.7	0	126.4	0
"JUGUETES, JUEGOS Y ARTICULOS DE RECREO Y DEPORTES"	1387.4	294.7	59	0.4	458	0	108.9	1	40	2.4	1.2	0.5	0	0.5	7.1	19	79.8	17.2	119.4	0.1	39.4	253	190.2	0	284.4	0.7
LAMINA Y ALAMBRE	1038.3	0	19	0	18.2	0	653.7	0	42.1	0	80.7	0	87.5	0	98	0	2.2	0	4.6	0	5.2	0	24.1	0	3.1	0
LECHE Y OTROS PRODUCTOS LACTEOS	186.5	0	70.8	0	0	0	41.7	0	15.5	0	0	0	7.4	0	22.7	0	7.3	0	0	0	0	0	8.6	0	12.5	0
MANUFACTURAS DE CAUCHO	179.3	0.6	10.9	0	0.9	0	0	0	30.2	0	23.8	0	23.5	0	3.4	0	0	0.6	0.6	0	45.6	0	38.3	0	2.1	0
MANUFACTURAS DE CERAMICA	14.4	1268.8	3.9	49.7	0	48.9	1.4	49.2	6.3	19.1	0.9	156.7	0.7	77.1	0.7	243.6	0.3	68.6	0	86.5	0	153.7	0	201.9	0.1	113.8
MANUFACTURAS DE CUERO	8.9	1.8	0	0.7	1.5	0	0.4	0	1.1	0	0.9	0	0.3	0	0.2	0.2	0.2	0	0	0	1.9	0.3	1.8	0	0.6	0.6
MANUFACTURAS DE MADERA	147.3	276.3	0.6	0	0	0	23.3	0	0.3	52.7	5.7	0	2.1	37.2	26.5	66.5	1	53.8	31.4	0	35	0	0	0	21.5	66
MANUFACTURAS DE PAPEL Y CARTON	1500	2.9	54.8	0	35.9	0	62.4	0	20.3	0	75.2	0	224.8	0	200.1	0.4	88	1	26.1	0	280.2	1.5	184.2	0	247.8	0
"MANUFACTURAS DE PIEDRA, CEMENTO, YESO, ETC"	4.7	0	0.4	0	0	0	0	0	0.1	0	0	0	0.1	0	0	0	2	0	0	0	0.8	0	1.4	0	0	0
MANUFACTURAS DE PIEDRAS Y METALES PRECIOSOS Y SEMI PRECIOSOS	0.7	5.4	0	0	0	0	0	0	0.1	0.4	0.1	4.3	0	0	0	0	0	0.5	0.4	0	0	0	0	0	0.1	0.2
MANUFACTURAS DIVERSAS	2370.7	19	69.4	0.3	39.6	0	124.3	1.5	821.6	0.8	96.2	2.1	117.2	0.1	212.8	2.4	376.4	7	183.6	1.1	110	1.1	120.4	0	99.3	2.6
MAQUINAS Y APARATOS MECANICOS PARA USOS ELECTROTECNICOS	13532.5	202.2	1939.5	0	298.4	16	820.8	48.9	3256.5	14.6	573	13.3	1435.4	0.3	528.4	48.3	572.9	25.4	365.8	0	1937.7	0	1487	16.6	317.1	18.9
MATERIALES PLASTICOS Y SUS MANUFACTURAS	3126.2	25.9	333.5	0	211.7	4.8	306.7	0	249.6	0.3	172.8	8.2	180.1	0.6	324.3	1.7	280.9	3.1	201.7	5.9	275.6	0	337.9	0	251.3	1.3
MATERIALES TEXTILES (TEJIDOS O TELAS)	869.4	6.6	15.5	2.3	7.5	0	62	0	16.2	2.8	66.4	0	67.7	0.5	25.3	0.5	101.9	0	132.3	0	79.6	0	73.7	0.4	221.3	0.1
MELAZAS DE AZUCAR	0	280	0	0	0	0	0	0	0	0	0	0	0	0	0	0	0	0	0	280	0	0	0	0	0	0
"MUEBLES PARA EL HOGAR, OFICINA, MEDICOQUIRURGICO, ETC."	487.3	7.5	44.1	0	25.9	0	33.8	0.6	30.8	1.3	36.4	0	26.3	0	58	3.2	75.6	1.1	71.1	0	34.9	0.1	48.4	0	1.8	1
NEUMATICOS Y TUBOS	46.7	0	0.1	0	0	0	0.8	0	0	0	0	0	2.4	0	11.7	0	0.3	0	0	0	17.7	0	12.4	0	1.4	0
"OBJETOS DE ARTE, PARA COLECCIONES Y ANTIGUEDADES"	13.8	9.5	1.6	0	0	5.1	2.3	0.1	0	0	0.3	0	0	0	2.3	0.7	5.8	0.5	1.5	0	0	3.1	0	0	0.1	0
OTRAS MANUFACTURAS DE METALES COMUNES	2077	46.6	132.6	0	322.3	0	296	0.1	722.4	0	49.5	0	32.9	0	68.9	0.7	71.7	0.7	140.6	0.4	155.9	0.1	68.9	0	15.2	44.5
OTROS ACEITES ESENCIALES	7.2	6	0	0	0	0	0	0	0	0	0	0	0	3	0	0	7.2	0	0	0	0	3	0	0	0	0
PAPEL Y CARTON	8425.7	0	45.6	0	146.9	0	482.2	0	8.7	0	1112	0	138.3	0	554.6	0	503.4	0	970.9	0	80.1	0	2192	0	2191.1	0
PESCADO Y MOLUSCOS	82.6	23	0	0	56.5	0	26.1	0	0	0	0	0	0	0	0	0	0	23	0	0	0	0	0	0	0	0
PINTURAS Y BARNICES	77	0	4	0	1.3	0	0.3	0	0.2	0	18.7	0	42.7	0	0	0	0	0	0.7	0	5.8	0	2.5	0	0.8	0
PREPARADOS A BASE DE CEREALES	1640.2	0	4.9	0	30.5	0	17.4	0	207.3	0	72.7	0	23.9	0	36.1	0	2	0	163.5	0	447	0	471.9	0	162.9	0
"PREPARADOS DE CARNE, PESCADO, CRUSTACEOS Y MOLUSCOS"	201.8	0	42.1	0	0.4	0	22.3	0	37	0	3.4	0	1.1	0	20.2	0	1	0	21.1	0	0	0	30.3	0	22.9	0
PREPARADOS DE LEGUMBRES Y HORTALIZAS	494.2	0	22.3	0	5	0	9.6	0	5.4	0	8.9	0	6.9	0	8.6	0	7.1	0	9.3	0	5.2	0	279.6	0	126.3	0
PREPARADOS DE FRUTAS	19.5	0	2.9	0	1.6	0	1.2	0	0.9	0	0.9	0	1.7	0	4.1	0	1.9	0	1	0	0.2	0	1.4	0	1.7	0
"PRODUCTOS DE PERFUMERIA, TOCADOR Y COSMETICOS"	28.5	0.1	0.1	0	0	0	0	0	0.3	0	0	0	2.5	0	8.7	0	0	0	0	0	1.6	0	12.9	0	2.3	0
PRODUCTOS DIVERSOS DE LA INDUSTRIA QUIMICA	1563.5	0	71	0	93.9	0	197.5	0	90.9	0	70.3	0	67.6	0	34.5	0	102.8	0	215.9	0	65	0	89.2	0	464.8	0
PRODUCTOS FARMACEUTICOS	1850	37.8	46.1	0	10.7	0	22.5	0	88.3	0	844.8	0	461.5	37.8	14.7	0	54.9	0	150.9	0	66.6	0	32.4	0	56.9	0
PRODUCTOS FOTOGRAFICOS Y CINEMATOGRAFICOS	354.6	0	93.3	0	45.9	0	0	0	0.2	0	50.4	0	0.2	0	0.6	0	51.4	0	0	0	46.2	0	45	0	21.3	0
"ROPA DE CAMA, DE MESA, TOCADOR, COCINA Y BA&O"	161.7	2.1	36.7	0	3.3	0	0.4	0.1	0.2	0	0.6	0	0	0	55.2	1.2	37	0.1	16.2	0.4	11.4	0.1	0.3	0	0.4	0.2
"SALSAS, CONDIMENTOS Y SAZONADORES COMPUESTOS"	6	0	0.3	0	1.2	0	0	0	0.3	0	0	0	0.3	0	1.8	0	0	0	1.6	0	0.3	0	0.3	0	0	0
"SOMBREROS, PARAGUAS, TAPASOLES, OTROS"	0.6	6.8	0	0.5	0	0	0	1.1	0.1	0.7	0	1.7	0.1	0	0	1.4	0.2	0.1	0	0.2	0	0.2	0	0	0.1	0.8
TABACO ELABORADO	0	135.8	0	0	0	0	0	0	0	0	0	0	0	0	0	0	0	0	0	0	0	32.1	0	56.6	0	47.1
TUBERIA Y SUS ACCESORIOS	2976.7	11.1	0.3	0	28.4	0	184.1	0	1424.6	0	381	0	208.9	0	402.4	0	52.8	0	21.5	0	34.4	0	101.2	0	137.1	11.1
VEHICULOS Y MATERIAL DE TRANSPORTE	1222.4	124.4	142.6	0	116.5	0	50.8	0	129.6	0	113.8	0	167.1	0	80.7	15.4	69.8	41.1	67.1	16.5	23.9	50	134.1	1	126.4	0.3
VIDRIO Y SUS MANUFACTURAS	744.5	0.3	3.2	0	141.4	0	27.2	0	67.7	0	8.4	0	111.4	0	142.8	0	23.7	0.1	210.5	0	6.6	0	1.3	0	0.2	0.2
INDUSTRIAS EXTRACTIVAS	31347.9	49.3	103.7	0.1	53.7	0	47.9	0	43.4	0	197.4	0.1	158.6	0	55.9	0	232.9	0	214.9	25.9	420.3	20.5	280.7	0	29538.4	2.8
ALUMINIO	83.3	0	1.9	0	0	0	0	0	1.6	0	28.4	0	0	0	3.7	0	10.7	0	0	0	14.9	0	18.9	0	3.2	0
COBRE Y SUS MANUFACTURAS	8.7	0	3.6	0	0	0	0	0	0.9	0	1.6	0	0.6	0	0.2	0	0	0	1.7	0	0	0	0	0	0	0
DESPERDICIOS Y DESECHOS DE METALES (CHATARRA)	0.3	49.1	0	0	0.2	0	0	0	0	0	0	0	0	0	0	0	0.2	0	0	25.9	0	20.5	0	0	0	2.7
GASES INDUSTRIALES	78	0	26.1	0	0	0	0	0	0	0	0	0	26.7	0	0	0	0	0	25.2	0	0	0	0	0	0	0
HIERRO Y ACERO	10	0	0	0	0	0	0	0	0.9	0	0	0	0	0	0	0	0	0	9.1	0	0	0	0	0	0	0
NIQUEL	0.2	0	0	0	0	0	0	0	0	0	0	0	0	0	0	0	0.2	0	0	0	0	0	0	0	0	0
OTROS DERIVADOS DE PETROLEO	29531.5	0	22.2	0	4.2	0	1	0	0	0	2.2	0	26.4	0	0	0	1.7	0	4.1	0	0.5	0	8.4	0	29460.8	0
PIEDRAS Y METALES PRECIOSOS Y SEMI PRECIOSOS	22.4	0	0	0	0	0	14.4	0	1.7	0	0	0	6.3	0	0	0	0	0	0	0	0	0	0	0	0	0
PRODUCTOS MINERALES DIVERSOS	1392.7	0.2	20.5	0.1	49.3	0	32.6	0	38.4	0	165.1	0.1	98.5	0	26.3	0	220.2	0	174.8	0	404.9	0	87.7	0	74.4	0
ZINC	220.8	0	29.5	0	0	0	0	0	0	0	0	0	0	0	25.6	0	0	0	0	0	0	0	165.7	0	0	0
