	Importaciones	Exportaciones	Importaciones	Exportaciones	Importaciones	Exportaciones	Importaciones	Exportaciones	Importaciones	Exportaciones	Importaciones	Exportaciones	Importaciones	Exportaciones	Importaciones	Exportaciones	Importaciones	Exportaciones	Importaciones	Exportaciones	Importaciones	Exportaciones	Importaciones	Exportaciones	Importaciones	Exportaciones
TOTAL (AGROPECUARIA + MANUFACTURERA + EXTRACTIVA)	94859.4	232416.7	4315.9	25849.1	13542.8	15176.1	6025.6	16247.1	8139.9	19722.9	6600.7	29430.8	4869.9	18821.9	10224	15833.3	9642.3	19239	6220.5	12815	8491.8	13631.4	7554.6	26625.2	9231.3	19025
INDUSTRIAS AGROPECUARIAS	7479.1	91588	285.8	12448.9	3680.6	8970	578.5	8771.8	698.4	5184.1	670	8361.7	284.9	8124.3	132.5	9098.1	140.1	13027.3	57	5216.7	191.8	2320.8	333.4	1779.6	426.2	8284.7
ANIMALES VIVOS DE GANADERIA	6.5	0	0	0	0	0	0	0	0	0	0	0	0	0	6.5	0	0	0	0	0	0	0	0	0	0	0
ANIMALES VIVOS DIVERSOS	0.8	0	0.4	0	0	0	0	0	0	0	0	0	0	0	0.4	0	0	0	0	0	0	0	0	0	0	0
"BULBOS, RAICES Y PLANTAS ORNAMENTALES"	686.5	611.6	0	201.8	0	176.9	63.3	82.1	72.3	10.7	124.5	6.9	128.5	5.5	26.4	13.7	108	6.8	22.6	12	110.6	9.4	15.9	27.4	14.4	58.3
CAFE	0	82732	0	11826.3	0	8488.2	0	7917.3	0	4695.3	0	7647.2	0	7274.6	0	7911	0	12156.5	0	4618.3	0	1351.3	0	1073.4	0	7772.6
CARDAMOMO	0	597.5	0	0	0	0	0	104.5	0	0	0	0	0	0	0	98	0	0	0	0	0	204.9	0	48.2	0	141.8
CAUCHO NATURAL (HULE)	0	2259.5	0	173.6	0	223.1	0	276.5	0	164.1	0	183.3	0	158.1	0	248.8	0	314.3	0	76.3	0	330.3	0	111.3	0	0
"CEREALES DIVERSOS (CENTENO, CEBADA, AVENA, SORGO, ETC)"	645.2	0	31.7	0	0	0	103.9	0	0	0	87.3	0	156.4	0	45.8	0	32.2	0	28.4	0	46.5	0	61.5	0	51.6	0
FLORES Y FOLLAJES	0	22.3	0	9	0	0.7	0	1.3	0	1.1	0	0.5	0	0.9	0	0.7	0	0.8	0	0.4	0	3.1	0	1.5	0	2.3
FRIJOL	0	209.4	0	15.8	0	13	0	14.9	0	17	0	23.3	0	22.3	0	16.8	0	14.2	0	17.5	0	23.9	0	12	0	18.9
"FRUTAS FRESCAS, SECAS O CONGELADAS"	0.1	3574.1	0.1	161.9	0	34.8	0	254.3	0	268.3	0	440.7	0	522.8	0	238.9	0	357.2	0	270.5	0	315.5	0	458	0	251.1
LEGUMBRES Y HORTALIZAS	248.2	364	0	27.7	0	22.5	50.9	20.4	47	27.6	54	35.1	0	37.1	49.4	29.8	0	39.1	0	32.1	25.3	30.3	0	23.1	21.7	39.3
OTROS PRODUCTOS DEL REINO ANIMAL Y VEGETAL	40.2	18.9	5.3	8.1	4.8	10.8	0	0	0	0	12.8	0	0	0	3.9	0	0	0	0	0	9.4	0	0	0	4.1	0
PAPA	2355.8	0	248.4	0	250.9	0	330.9	0	579.1	0	391.5	0	0	0	0	0	0	0	0	0	0	0	220.4	0	334.5	0
PIMIENTA	0	2.3	0	0	0	0	0	0	0	0	0	0	0	0	0	0	0	0	0	0	0	1.8	0	0	0	0.5
"PLANTAS, SEMILLAS Y FRUTAS PARA USO MEDICO Y PERFUMERIA"	71	1	0	0	0	0	29.4	0	0	0	0	0	0	0	0	0	0	0	6	0	0	1	35.6	0	0	0
SEMILLA DE AJONJOLI	0	869.3	0	24.7	0	0	0	100.5	0	0	0	24.7	0	103	0	214.3	0	138.4	0	189.6	0	49.4	0	24.7	0	0
TABACO EN RAMA O SIN ELABORAR	0	326.1	0	0	0	0	0	0	0	0	0	0	0	0	0	326.1	0	0	0	0	0	0	0	0	0	0
TRIGO	3424.9	0	0	0	3424.9	0	0	0	0	0	0	0	0	0	0	0	0	0	0	0	0	0	0	0	0	0
YUCA	0	0	0	0	0	0	0	0	0	0	0	0	0	0	0	0	0	0	0	0	0	0	0	0	0	0
INDUSTRIAS MANUFACTURERAS	85927.3	53536.5	4000.4	1717.6	9781.2	1115.6	5425.7	1738.4	7349	8710.5	5803.9	16343.4	4481.8	1962.2	9911.8	1569.6	9200.1	1953.6	5910.4	1693.6	8255.7	3267.8	7111.8	11836.6	8695.5	1627.5
ABONOS Y FERTILIZANTES	18072.9	0	825.2	0	6073.6	0	0	0	173.2	0	1906.2	0	64.7	0	1243.1	0	1698.2	0	1950	0	1106.4	0	1567.5	0	1465	0
APARATOS ELECTROMECANICOS DE USO DOMESTICO	291.9	7.1	6.3	6.2	8.1	0	0	0	40.4	0	98.7	0	87.2	0	4.2	0.2	6.1	0	5.6	0.3	5.2	0	21.2	0.1	8.8	0.3
APARATOS DE REGISTRO Y REPRODUCCION DE SONIDO	88.4	0.1	19.8	0	0.1	0	35.5	0	3.7	0	1.7	0	2.3	0	7.7	0	0	0	0	0	9.2	0	0.5	0	7.8	0
APARATOS TRANSMISORES Y RECEPTORES	711.5	1.1	32.5	0	16.7	0	2.1	0	24.4	0	127.2	0	15.5	0	254.8	0	5.2	0	7.1	0.1	71.1	0	50.9	0.9	104.1	0.2
ARMAS Y MUNICIONES	375.8	0	2.9	0	0	0	0	0	0	0	0	0	1.8	0	0	0	38.1	0	0	0	0	0	2.8	0	330.3	0
ARTICULOS DE VESTUARIO	321.4	11719.7	23	1089	2.3	387.8	10.5	753.8	6.3	691.4	27.8	1126.3	10.6	1285.7	25.5	1142.8	30.1	1253.8	72.2	876.9	33	1075.9	36.2	721.7	43.8	1314.6
AZUCAR	0	31254	0	19.2	0	28.8	0	48	0	7521.5	0	13084.6	0	41.3	0	0	0	0	0	0	0	0	0	10510.5	0	0
AZUCARES Y ARTICULOS DE CONFITERIA	291.6	1215.8	0	297.9	42.4	126.5	0.1	407.6	38.8	0	43.7	61.5	0.1	76.2	42.4	0	0	81.9	39	20.8	0.2	0	84.9	40.8	0.1	102.7
BATERIAS ELECTRICAS	67.1	0	1.7	0	2.2	0	0	0	49.7	0	2.4	0	0.5	0	0	0	0.3	0	1.6	0	4.6	0	3.9	0	0.1	0
BEBIDAS LIQUIDOS ALCOHOLICOS Y VINAGRES	0.3	1197.3	0	0	0.1	132.1	0	113.2	0	232.9	0	226.4	0.1	113.2	0	2.3	0	0	0	0	0	283	0	94.3	0.1	0
CALZADO	251.7	1.2	15.8	0	29.2	0	7.7	0	34.5	0	17.1	0	7.8	0	7.6	0	43.5	0	14.1	0.9	9	0	60.1	0	5.1	0.2
CERAS	89.4	0	7.5	0	0	0	0	0	0	0	6.4	0	3.7	0	7.9	0	10.6	0	17.1	0	7	0	22.3	0	7	0
CLAVOS Y TORNILLOS	128.3	0	3	0	1.5	0	25.4	0	12.8	0	0.4	0	2.5	0	45.5	0	4.7	0	4.6	0	2.4	0	4.1	0	21.5	0
DETERGENTES Y JABONES	142.5	193.2	0	25.5	0	0	0	27.2	0	0	50.4	35.8	0	0	0	32.5	0	35.8	0	0	92.1	35.9	0	0	0	0.7
"DISCOS, MATRICES Y CINTAS (DE GRABACION)"	1.1	0	0	0	0	0	0	0	0	0	0.6	0	0	0	0	0	0.6	0	0	0	0	0	0	0	0	0
GRASAS Y ACEITES COMESTIBLES	9699.5	0.5	1.7	0	2.9	0	1076.4	0	1370.8	0	1314	0	1.7	0	1407.5	0	1547.4	0	0	0	1576.5	0.5	2.4	0	1398.2	0
HARINAS DE CEREALES	5476.6	0	0	0	1830.5	0	0	0	0	0	0	0	0	0	0	0	1791.6	0	0	0	0	0	0	0	1854.5	0
HERRAMIENTAS ARTICULOS DE CUCHILLERIA	354.6	0.3	33.5	0	5.5	0	11.6	0	21.4	0	17.3	0	24.9	0	20.6	0	31.7	0	35	0.1	36.3	0	58.2	0	58.6	0.1
HILOS E HILAZAS	22.5	50.4	1	0	0	0	0	0	0	0	1.3	0.3	1	20.1	2.3	3.2	2.7	26.5	5.8	0	3.1	0.3	3.3	0	1.9	0
INSTRUMENTAL MEDICO Y OTROS	1074.8	176.9	64.8	0	90.8	0	50.6	0	119	0	76.8	0	69.8	1.5	90	0	146.1	0	66.8	3.6	102.6	0	73.8	171.2	123.6	0.6
"JUGUETES, JUEGOS Y ARTICULOS DE RECREO Y DEPORTES"	1013.4	4.6	22.2	0	30.5	0	1.7	0.3	40.7	0.2	87.6	0.3	12.1	1.5	125.5	0.9	138	0.3	243.6	0	114.6	0.2	127.8	0.1	69.1	0.7
LAMINA Y ALAMBRE	60.3	0	6.2	0	2.7	0	7.3	0	6.8	0	0.2	0	2.3	0	3.6	0	2.4	0	7.9	0	4.4	0	6.2	0	10.3	0
LECHE Y OTROS PRODUCTOS LACTEOS	2178.7	0	126.4	0	348.1	0	197	0	238.1	0	146.6	0	113.6	0	151.9	0	74.9	0	97.8	0	218.6	0	397.1	0	68.5	0
MANUFACTURAS DE CAUCHO	153.6	1.1	13	0	2.1	0	36.6	0	13.7	0	4.1	1.1	6.6	0	27.3	0	6.3	0	7.5	0	9.3	0	13.4	0	13.6	0
MANUFACTURAS DE CERAMICA	195.4	4	2.7	0	0	0	0.9	0.3	4.8	1.8	7	0	5.3	0	28.8	1	9	0	35.1	0.5	12.4	0	33.4	0	56.1	0.3
MANUFACTURAS DE CUERO	26.6	706.2	0	28.3	0	24.1	0.6	32.6	0	21.6	2.2	11.4	5.4	48.5	0.2	23.9	6.6	6.3	5.1	331.6	3.3	172.5	1.6	1.5	1.7	3.8
MANUFACTURAS DE MADERA	1489.3	274.6	32	21.6	24	95.8	13.2	0	2.5	0	16.9	59.5	560.2	0	393	0.7	40.8	48.2	67.9	0	102.9	0	209	48.4	27	0.3
MANUFACTURAS DE PAPEL Y CARTON	2263.1	10	52.7	0	5.2	0	450.6	0	198.3	0	89.9	0	139.9	0	189.7	5	241.9	0	112.3	4.6	409.3	0	228.8	0	144.6	0.4
"MANUFACTURAS DE PIEDRA, CEMENTO, YESO, ETC"	175.6	0	11	0	0	0	0.1	0	39.1	0	38	0	0	0	10.3	0	0	0	12.9	0	29.2	0	25.4	0	9.4	0
MANUFACTURAS DE PIEDRAS Y METALES PRECIOSOS Y SEMI PRECIOSOS	26.8	17.6	1.6	0	0.1	0	0.8	0.8	0	1.9	3.8	0.4	4.2	5.3	0	1.1	0.5	0.3	3.3	3.2	1	0.6	8.1	0.6	3.4	3.4
MANUFACTURAS DIVERSAS	1220.5	1514.7	54.8	51.4	48	127.2	49.5	50.1	34.9	47.7	107.7	279.6	69.3	176.4	144.4	221.7	129.9	120.9	144.8	239.2	175.3	124.7	122.5	75.6	139.5	0.2
MAQUINAS Y APARATOS MECANICOS PARA USOS ELECTROTECNICOS	7244	74	546.7	0	147	0	884.7	0.5	2130	0	82	63.5	251.7	0	1408	0	186.1	0	190	0.1	451.9	0.5	409.8	8.9	556	0.6
MATERIALES PLASTICOS Y SUS MANUFACTURAS	4074.8	645.9	263.3	17.2	69.7	1.2	651.3	55.4	327.7	9.9	227.5	60.4	262.7	100.2	319.4	27.4	403.5	138.1	494.5	92.5	392.3	77	343.2	25.9	319.6	40.6
MATERIALES TEXTILES (TEJIDOS O TELAS)	467.5	14.3	28.8	0	5.5	0	7.4	0	23.9	0	51.2	0	15.4	9.3	19.4	0	39.2	4.9	39.2	0.2	63.3	0	82.6	0	91.5	0
MELAZAS DE AZUCAR	0	2436.6	0	0	0	0	0	0	0	0	0	1130.4	0	0	0	0	0	0	0	0	0	1306.2	0	0	0	0
"MUEBLES PARA EL HOGAR, OFICINA, MEDICOQUIRURGICO, ETC."	1540.7	7.3	6.1	0	1.1	0	18.6	0	6.3	0	62.5	0	179.6	0	215.4	0.4	162.2	0	100.8	0.6	251.4	2.9	521.8	0	14.9	3.4
NEUMATICOS Y TUBOS	108.8	0	23.1	0	10.6	0	3.3	0	2.1	0	0	0	0.6	0	20.3	0	35.6	0	4.4	0	0.1	0	0	0	8.7	0
"OBJETOS DE ARTE, PARA COLECCIONES Y ANTIGUEDADES"	1.5	1.1	0	0	0	0	0	0	0	0	0	0	0	0	0	0.1	0.8	0	0.5	0.7	0	0	0.2	0	0	0.4
OTRAS MANUFACTURAS DE METALES COMUNES	706.9	10.3	24	0	14.6	0	14.4	0	10	0	37.9	0	148.7	0	96.9	0.1	45.4	0	125.5	9	46.2	0	57.6	0	85.6	1.2
OTROS ACEITES ESENCIALES	0	72.1	0	0	0	72.1	0	0	0	0	0	0	0	0	0	0	0	0	0	0	0	0	0	0	0	0
PAPEL Y CARTON	13710.7	0	1175.5	0	395.6	0	1219.5	0	1507.1	0	209.3	0	1621.6	0	1960.3	0	1077.7	0	1168.6	0	2009.3	0	784.5	0	581.6	0
PINTURAS Y BARNICES	886.6	0	62.1	0	95.3	0	91.7	0	39.5	0	120.7	0	38	0	95.7	0	57.5	0	133.1	0	83.9	0	52.4	0	16.6	0
PREPARADOS A BASE DE CEREALES	4.2	1.3	0.2	0	3.3	0	0	0	0	1.3	0	0	0	0	0	0	0	0	0.7	0	0	0	0	0	0	0
"PREPARADOS DE CARNE, PESCADO, CRUSTACEOS Y MOLUSCOS"	39.1	0	0	0	0	0	3.5	0	28.5	0	0	0	0	0	0	0	6.6	0	0	0	0	0	0	0	0.5	0
PREPARADOS DE LEGUMBRES Y HORTALIZAS	730.4	11.6	60.2	0	29.5	0	30.1	0	32.7	5.1	0	0.1	31.4	0.1	198.9	0	142.5	0.8	53.4	0	0	0.4	80.3	3.1	71.5	2.1
PREPARADOS DE FRUTAS	3.2	1209.2	0	85.6	0	120	2.7	120	0.5	25.9	0	187.2	0	72	0	58.4	0	114.8	0	65.6	0	126	0	99.2	0	134.4
"PRODUCTOS DE PERFUMERIA, TOCADOR Y COSMETICOS"	611.7	0.6	50.9	0	1.7	0	47.2	0	128.9	0	47.5	0	53.1	0	119.7	0	48.6	0	96.7	0	14.4	0	2.4	0	0.7	0.6
PRODUCTOS DIVERSOS DE LA INDUSTRIA QUIMICA	1836.6	5.9	140.5	0	228.5	0	187.8	0	130.4	0	196.9	0	252.6	0.1	159.6	0.1	126.2	0	57	0	139	3.1	199.6	2.5	18.7	0
PRODUCTOS FARMACEUTICOS	355.5	244.1	0	46.1	8.6	0	24.8	0	0.2	50.5	62.8	0	4.6	10.8	0	47.5	0	0	12.3	43.1	118.9	46	123.3	0	0	0
"ROPA DE CAMA, DE MESA, TOCADOR, COCINA Y BA&O"	190.8	2.9	11.2	0	0	0	0.7	0.8	6.3	0	19	0	8.6	0	8.3	0	18.6	0	36.1	0.1	23.5	0	30.6	1.2	27.8	0.7
"SALSAS, CONDIMENTOS Y SAZONADORES COMPUESTOS"	122.7	3	0	0	0	0	61.6	0	55.8	3	0	0	0	0	0	0	1.7	0	0	0	1.3	0	0	0	2.2	0
"SOMBREROS, PARAGUAS, TAPASOLES, OTROS"	21.4	0.4	3.8	0	0	0	1	0	0.3	0.1	0.2	0	1	0	0.4	0.3	3.8	0	4.7	0	1.4	0	2	0	2.6	0
TUBERIA Y SUS ACCESORIOS	812.9	0	24.2	0	7.8	0	10	0	85.7	0	33.1	0	109.7	0	25.6	0	177	0	19.1	0	14.7	0	41.8	0	264.4	0
VEHICULOS Y MATERIAL DE TRANSPORTE	5890.5	0.7	211.3	0.2	195.4	0	186.9	0	356.1	0	421.5	0	280.2	0	1008.8	0	649.3	0.2	370.6	0	477.7	0	1139.8	0.2	593	0.1
VIDRIO Y SUS MANUFACTURAS	301.4	445.1	7.4	29.3	0.4	0	0.5	127.9	2.8	95.5	35.7	14.6	9.3	0	21.3	0	10.6	120.8	45.9	0.1	27.2	12	74.5	29.7	65.8	15.1
INDUSTRIAS EXTRACTIVAS	1453	87292.2	29.8	11682.6	81	5090.5	21.5	5736.9	92.6	5828.3	126.8	4725.7	103.2	8735.5	179.7	5165.6	302.1	4258	253.1	5904.6	44.3	8042.8	109.5	13008.9	109.6	9112.8
ALUMINIO	56.4	0	1.9	0	16.9	0	0	0	1.9	0	0	0	12.6	0	4.7	0	1.4	0	0.5	0	2.5	0	5.8	0	8.1	0
COBRE Y SUS MANUFACTURAS	12.2	0	0	0	8.1	0	0	0	0	0	3.2	0	0	0	0	0	0	0	0	0	0.8	0	0	0	0	0
HIERRO Y ACERO	48.1	0	0.2	0	0	0	0	0	0	0	43.8	0	0	0	0	0	1.2	0	3	0	0	0	0	0	0	0
OTROS DERIVADOS DE PETROLEO	145.3	0	0	0	0	0	0	0	0.9	0	0.6	0	0	0	0	0	77.3	0	46.7	0	0	0	0	0	19.8	0
PIEDRAS Y METALES PRECIOSOS Y SEMI PRECIOSOS	0	14.7	0	0	0	0	0	0	0	0	0	0	0	0	0	0	0	14.7	0	0	0	0	0	0	0	0
PLOMO	0	81680.6	0	11236.1	0	4642.5	0	5393.8	0	5024.5	0	4238	0	7906.1	0	4667.9	0	3929.3	0	5554.5	0	7480.8	0	12600.3	0	9006.7
PRODUCTOS MINERALES DIVERSOS	1191	0.1	27.7	0	56	0	21.5	0	89.7	0.1	79.2	0	90.7	0	175	0	222.2	0	202.9	0	41	0	103.7	0	81.6	0
ZINC	0	5596.8	0	446.5	0	448	0	343.1	0	803.7	0	487.7	0	829.4	0	497.7	0	314	0	350.1	0	562	0	408.6	0	106
