	Importaciones	Exportaciones	Importaciones	Exportaciones	Importaciones	Exportaciones	Importaciones	Exportaciones	Importaciones	Exportaciones	Importaciones	Exportaciones	Importaciones	Exportaciones	Importaciones	Exportaciones	Importaciones	Exportaciones	Importaciones	Exportaciones	Importaciones	Exportaciones	Importaciones	Exportaciones	Importaciones	Exportaciones
TOTAL	371967.1	227843.7	26598.5	16039.1	30885.7	17958.5	32556.2	19300.1	23217.4	15522.3	32759.3	21533.3	32556	18886.5	32191.4	18019.7	32045.2	20337.3	29808.5	19688.4	33793.6	19990.3	34539	21543	31016.3	19025.4
INDUSTRIAS AGROPECUARIAS	2826.5	13623.6	56.1	802.3	186.8	1404.8	218.9	1110.6	188.5	1180.9	362.8	1163.4	210.9	869.4	108.3	1339.9	288.4	1130	541.9	944.4	376.3	1246.3	147.8	1352.9	139.8	1078.6
AJO	0	5	0	0	0	0	0	2.5	0	0	0	0	0	2.5	0	0	0	0	0	0	0	0	0	0	0	0
ALGODON	0	0.8	0	0	0	0	0	0	0	0	0	0	0	0	0	0	0	0	0	0	0	0	0	0.8	0	0
ANIMALES VIVOS DE GANADERIA	221.1	14	0	0	0	5	0	0.2	9.8	2.8	17.6	0	12.6	0	4.5	0	55.1	0	113.4	2	0	0	0	4	8	0
ANIMALES VIVOS DIVERSOS	26.4	0	0	0	0	0	0	0	0	0	0	0	0	0	0	0	0	0	0	0	0	0	0	0	26.4	0
ARROZ	18.4	0	0	0	0	0	0	0	0	0	7.2	0	0	0	0	0	0	0	11.1	0	0	0	0	0	0	0
"BULBOS, RAICES Y PLANTAS ORNAMENTALES"	794.6	170.9	16.6	0	35.6	19.5	14.2	14.3	19.3	46.1	38.7	0.6	99.9	18.1	40.6	5	74.6	7.3	184	25	198.6	3	22.5	6	49.8	26
CAFE	12.3	0	0	0	0	0	2.3	0	0.7	0	9.3	0	0	0	0	0	0	0	0	0	0	0	0	0	0	0
CARDAMOMO	0	2.6	0	0	0	0	0	0	0	0.6	0	1	0	0	0	1	0	0	0	0	0	0	0	0	0	0
CAUCHO NATURAL (HULE)	2.3	12171.7	0	675.9	0	1267.5	0	984.8	0	1010.5	0	970.6	1.6	738.9	0	1221.4	0	1005.1	0	786.2	0	1228.2	0	1294.1	0.8	988.3
CEBOLLA	6.6	0	0	0	0	0	0	0	0	0	0	0	0	0	0	0	0	0	0	0	0	0	6.6	0	0	0
"CEREALES DIVERSOS (CENTENO, CEBADA, AVENA, SORGO, ETC)"	0	3.4	0	0	0	3.4	0	0	0	0	0	0	0	0	0	0	0	0	0	0	0	0	0	0	0	0
ESPECIAS	172.7	100.1	0	20.3	8.5	2.1	11	1.8	24.4	20.1	21	21.8	17	6.8	10.8	17	14.7	0.4	28.9	3	15.4	1.5	20.1	5.2	1	0
FLORES Y FOLLAJES	45.8	26	8.5	8.9	1.7	17.1	2.8	0	7.2	0	2	0	4.2	0	5.2	0	1.8	0	1.2	0	1.5	0	1.3	0	8.3	0
FRIJOL	0	27.4	0	0	0	18	0	0	0	0	0	0	0	0	0	0	0	0	0	9.4	0	0	0	0	0	0
"FRUTAS FRESCAS, SECAS O CONGELADAS"	199.8	584	1.4	51.1	0	58.7	40.9	88.6	0.9	100.4	1.9	103.6	18.3	57.3	6.2	51.3	53.5	27.8	39.8	0	35.9	0	1	0	0	45.2
HUEVOS DE AVES	114.5	0	15.2	0	30.5	0	30.6	0	22.9	0	0	0	15.2	0	0	0	0	0	0	0	0	0	0	0	0	0
LEGUMBRES Y HORTALIZAS	505.9	52.1	0	1.9	47.9	0.9	0	0.8	28.7	0	124.2	0.5	0	2.2	0	1.9	25.4	5	138.7	33.6	79.8	2.6	50.2	0	11	2.8
MAIZ	0	160.6	0	41.2	0	12	0	1.4	0	0	0	40.7	0	0	0	0	0	20.4	0	44.6	0	0	0	0	0	0.3
MATERIAS VEGETALES	0	0	0	0	0	0	0	0	0	0	0	0	0	0	0	0	0	0	0	0	0	0	0	0	0	0
MIEL DE ABEJAS	0	0	0	0	0	0	0	0	0	0	0	0	0	0	0	0	0	0	0	0	0	0	0	0	0	0
OTROS PRODUCTOS DEL REINO ANIMAL Y VEGETAL	588.4	0.2	10.2	0	57.6	0	102.2	0	60.8	0.2	125.4	0	28.4	0	33.6	0	52.3	0	18.1	0	34	0	37.3	0	28.5	0
PAPA	0.4	0	0	0	0	0	0	0	0	0	0	0	0	0	0	0	0	0	0.4	0	0	0	0	0	0	0
PIMIENTA	29.7	2.1	0	0.1	5.1	0.6	3.3	0.1	4.9	0.2	3.4	0.7	0.6	0	1.9	0	4.8	0.1	4.5	0	0	0.1	1.2	0.2	0	0
"PLANTAS, SEMILLAS Y FRUTAS PARA USO MEDICO Y PERFUMERIA"	81.6	95.3	4.2	0	0	0	11.6	0.1	8.8	0	11.9	7.9	13.1	17.8	5.6	10.1	6.1	13.8	1.6	8.6	5	10.3	7.6	10.6	6	16
SEMILLA DE AJONJOLI	0	153.6	0	0	0	0	0	16	0	0	0	16	0	25.6	0	32	0	0	0	32	0	0	0	32	0	0
TABACO EN RAMA O SIN ELABORAR	0	50.1	0	0	0	0	0	0	0	0	0	0	0	0	0	0	0	50.1	0	0	0	0	0	0	0	0
TOMATE	0	3.7	0	3	0	0	0	0	0	0	0	0	0	0	0	0.2	0	0	0	0	0	0.5	0	0	0	0
YUCA	6.1	0	0	0	0	0	0	0	0	0	0	0	0	0	0	0	0	0	0	0	6.1	0	0	0	0	0
INDUSTRIAS MANUFACTURERAS	360113.1	211188.2	25707.1	14746.3	29526.5	15768.3	31648.3	17846.8	22665.6	14257.5	31617.1	20173.3	31811.7	17842.3	31330.5	16529	31243.9	19051.9	28607.6	18615.3	32417.4	18589.2	33485.9	20074	30051.6	17694.3
ABONOS Y FERTILIZANTES	461.3	724.5	22.8	27.4	16	54	39.7	132.6	28	43.5	32.6	35.9	22.7	38.9	61.3	27.9	52.8	72.7	70.8	54.5	25	64.7	11.8	77.8	77.8	94.7
ALIMENTOS PREPARADOS PARA ANIMALES	971.7	579.9	44.2	9.6	27.3	8.5	52.8	45.9	30.2	30.4	72.2	47.5	42.4	69.5	111.4	50.8	129.4	91.3	99.9	69.3	130.1	30.5	115.8	45.7	115.9	80.8
APARATOS ELECTROMECANICOS DE USO DOMESTICO	18480.6	1156	1475.7	32.1	1892	24.4	1287.3	4.2	1338.2	0	1778.5	270.5	1389.9	57.7	887.3	71.7	1587.5	85.2	1752.5	123.5	1810.1	89.9	1411.4	182.5	1870.3	214.3
APARATOS DE REGISTRO Y REPRODUCCION DE SONIDO	47.8	25	0.1	6.7	0.7	0.1	2.9	0.1	0.4	0	0.1	0.5	0	0.5	0.7	0.2	0	0.1	15.5	0.3	0	0.2	15.5	16.2	11.8	0
APARATOS TRANSMISORES Y RECEPTORES	703.1	190	24.8	30	3.6	0.5	8.6	7.3	26.6	0	18.9	12.3	93	17.1	268.3	0.7	21.5	29.5	60.3	4.8	39.4	12.6	82.7	59.8	55.4	15.3
ARTICULOS DE VESTUARIO	1965.7	1965.7	53.5	141.7	109.8	71.1	188.5	148.2	75.4	51.8	140.8	301.4	114	102.5	93.8	110.8	174.1	154.5	198	64.5	340.1	203.1	307.2	415.5	170.6	200.6
AZUCARES Y ARTICULOS DE CONFITERIA	2490.6	5195	284.8	179	189.8	444.6	184.1	516.2	146.5	251.1	246.1	583.1	130.7	436.8	162.9	460.8	304.8	551	218.3	492.7	319.1	351.4	145.4	469.2	158.1	459.2
BATERIAS ELECTRICAS	1673.5	1075	129.8	113.2	116.9	52.5	127	59	109.3	17.7	163.4	29.7	155.1	69.6	11.4	87.9	16.7	72.8	91	106.5	229.2	150.6	274.1	147.9	249.7	167.6
BEBIDAS LIQUIDOS ALCOHOLICOS Y VINAGRES	30924.6	1371.5	2545.1	85.4	2585	99.2	3991.7	105.9	1036	98.4	2317.1	146.1	2083.1	122.4	2949.7	37.5	2800.9	122.5	1980.8	176.9	3230.3	147.8	3370.6	156.1	2034.3	73.4
CAFE SOLUBLE Y MOLIDO	254.3	11.4	0	0	0	1.6	0	0	0	0	0	2.4	57.9	0	0	0	0	2.4	0	0	74.7	0	60.8	2.9	60.9	2.1
CALZADO	275.5	3641.1	0.1	226.6	62.4	235.5	22.2	276.9	0.1	198	22.2	275.9	17.2	210.9	41.7	296.1	4.1	371.9	53.2	226.9	0.6	399.2	37.2	487	14.4	436.3
CAMARON Y LANGOSTA	0	66	0	6	0	12.5	0	10	0	10	0	0	0	6.5	0	5.5	0	14	0	1.5	0	0	0	0	0	0
CARNE	4946.6	0	355.7	0	604.9	0	527.3	0	318.5	0	372.1	0	302.6	0	330.1	0	203.4	0	470.6	0	337	0	608.6	0	515.8	0
CERAS	452.6	5740.5	64.7	478.8	35	470.8	30.8	606.2	44.4	230.9	17.1	439.9	25	375.7	37.4	464.4	27.4	589.9	43.4	464	37.4	515.8	73.3	560.5	16.5	543.6
CLAVOS Y TORNILLOS	65.1	19.2	3.3	8.4	4	0.9	20.9	0.4	0.1	0	4	3.5	13.8	0	0.9	0.7	11.6	0.3	3.5	4.1	0.5	0.2	1.7	0.1	0.8	0.6
DETERGENTES Y JABONES	3279.1	15643.4	276.5	1069.1	243.6	1223.6	291.6	1198.9	197.8	903.1	256.9	1312.3	275.9	1153.8	276	1224.9	236.5	1430.4	254.3	1627.2	360.9	1696.3	281.1	1392.7	328.1	1411
"DISCOS, MATRICES Y CINTAS (DE GRABACION)"	16.5	32	1.1	5.5	1.3	4.1	1.3	2.9	1.3	4.7	0.3	4.8	1.8	0	3.3	1.9	1.9	2.1	1.8	0	1.4	2.3	1	1.5	0.3	2.1
GRASAS Y ACEITES COMESTIBLES	386.3	1728.9	26.4	106	13.8	115	14.3	161.9	36	185	11.1	107.1	0	180.2	19.8	90.6	60.8	182.9	1.9	134.7	31.4	118.7	23.7	172.2	147.1	174.6
HARINAS DE CEREALES	143.8	306.7	0	44.8	63	11.7	3.2	20.9	3.9	0	0	6.7	0.1	54	6	8.9	2.4	26	7	50.1	41.9	29.3	16.1	19.5	0	34.7
HERRAMIENTAS ARTICULOS DE CUCHILLERIA	118.9	49.9	6.2	0.4	19.7	3.1	5.7	2.6	16.8	9.9	2.7	9.5	11.9	7.5	5	0.1	10.1	5.5	8.4	2.3	17.8	7.9	3.8	0.3	10.6	0.9
HILOS E HILAZAS	3373.2	2757.5	316.6	328.5	335.2	302.3	290.5	109.5	226.9	59.5	396.2	300.2	350.5	339.3	144.2	133.7	425.4	79.6	293.2	90.2	79.3	101	165.1	297	350	616.8
"INSECTICIDAS, FUNGICIDAS Y DESINFECTANTES"	7486.5	13404.9	580.7	859.1	494.7	1236	418.3	1270.9	460.9	756.5	724.4	1412.8	891.5	1923.2	484.5	1222.9	565	1473.7	959.1	967.4	448.1	506	801.6	793.4	657.7	983.1
INSTRUMENTAL MEDICO Y OTROS	1010.7	362.5	61.3	6.7	78.7	50.1	122.4	37.6	47.2	33.5	77.5	29.2	101.7	10.7	79.8	18.7	128.3	33.6	104.6	12.7	78.1	46.7	76.4	65.3	54.7	17.8
"JUGUETES, JUEGOS Y ARTICULOS DE RECREO Y DEPORTES"	123.1	487	1.5	24.3	7.7	16.1	2.5	27.9	14.2	3.7	2.5	49.1	12	25.1	14.4	7.1	6.4	34.7	0.6	14.3	4.1	14.6	31.8	208.7	25.5	61.4
LAMINA Y ALAMBRE	34118.5	13625.6	1907.5	1006.1	1768.9	1179.3	2101.1	1286.3	1924.8	992.8	3941.3	1801.8	4074.2	1083	3060.5	1367.2	3517.4	1258.9	1838	1052.3	3732.7	821.2	3091.6	1000.6	3160.5	776.2
LECHE Y OTROS PRODUCTOS LACTEOS	14398.7	673.4	1036.8	49.7	753.1	72.3	956.7	89.2	724.8	29.7	1374.4	106.3	1448.1	70.4	1773	15.8	1881.1	44.3	1022.1	33.4	1188	103.3	1064.3	17.4	1176.3	41.5
MADERA EN TROZA	3.6	0	0	0	0	0	0	0	0	0	3.6	0	0	0	0	0	0	0	0	0	0	0	0	0	0	0
MANUFACTURAS DE CAUCHO	726.7	306.1	56.3	30.1	30.7	16.5	60	15.5	79.8	8.1	66.5	35	49.4	28.3	65.4	18.9	73.1	14.8	62.2	27.5	83.4	43.6	50.3	45.5	49.8	22.4
MANUFACTURAS DE CERAMICA	869.8	2968.5	77.5	185.9	62.1	160.2	90.6	220.2	68.2	132.2	83.4	300.5	86.1	269	101.6	252.3	141.4	308.8	29.4	253.6	60.3	257.9	49.7	361.2	19.6	266.7
MANUFACTURAS DE CUERO	38.9	4	0.8	0.9	1.2	0	1.2	0.5	0	0	3.4	0.9	3.5	0	0	0.3	3.3	0	6.1	0	2.9	0	8.8	0	7.7	1.4
MANUFACTURAS DE MADERA	4024.6	705.1	267.8	28.9	313.8	20.2	336.1	33.3	295	9.8	352.1	53.5	351.8	53.2	330.8	54.5	290.4	99.7	425.2	84.2	457.3	91.6	303.3	119.9	300.9	56.4
MANUFACTURAS DE PAPEL Y CARTON	26638.2	5823	2042.9	367.8	1895.1	464.8	2649	638.8	2154.5	478.2	1841.4	555.8	2524.3	529.8	2471.4	409.4	2118.4	485.9	2296.2	342.3	2079.7	519.5	2964.4	576.8	1600.9	454.1
"MANUFACTURAS DE PIEDRA, CEMENTO, YESO, ETC"	121.6	236.8	0.5	0	1.2	14.7	5.8	9.1	34.8	67.2	23.4	62.5	23.5	19.7	16.7	11.8	9.7	5.4	2.7	10.5	1.3	20.7	1.9	10.8	0	4.4
MANUFACTURAS DE PIEDRAS Y METALES PRECIOSOS Y SEMI PRECIOSOS	5.2	7.4	0	0.2	0.7	0.1	3.4	0.9	0.5	0.1	0	1.1	0	0.2	0	0.9	0	0.5	0.6	0.1	0	1.2	0	1.6	0	0.5
MANUFACTURAS DE PIELES	400.3	31.5	61.4	0	25.1	0	52	0	8.8	12	92.4	0	15.8	9.5	20.2	0	5.9	0	61.2	0	24	0	20.7	8.8	12.8	1.2
MANUFACTURAS DIVERSAS	9721.6	3468.7	646.4	291.9	590.3	289.2	875.2	401.7	750.6	298.3	1005.2	317.4	649.8	425.2	891.9	179.1	733	375.5	758.8	231.2	751.9	219.6	1042.9	198.5	1025.6	241.1
MAQUINAS Y APARATOS MECANICOS PARA USOS ELECTROTECNICOS	12939.3	8266.8	911.6	405.1	1325.3	381	814.8	654.7	787.4	249.6	1241.6	629.3	1151.1	621.2	1563.4	464	1268.2	1066.5	796.7	1024.8	1370.2	839.4	845.8	683.3	863.2	1247.9
MATERIALES PLASTICOS Y SUS MANUFACTURAS	31964.8	24223.5	2104	1624	2672.3	1757.6	2797.5	2000.6	2187.3	1978.4	2860.8	2425.6	2566	1904.7	2807.8	1975.3	2589.5	2098.4	3109.4	1959	2665.1	2236.8	3093	2540.9	2512.1	1722.1
MATERIALES TEXTILES (TEJIDOS O TELAS)	724.9	6054.2	105	438	10.9	349.6	94.2	578.8	109.9	385.3	15.2	665.2	63.2	559.5	4.6	368.3	17.5	393.4	6.7	644.5	9.6	605.2	25.6	534.8	262.5	531.5
MELAZAS DE AZUCAR	37.7	0	0	0	5.5	0	3.5	0	2	0	4	0	3.5	0	3.5	0	0	0	4.5	0	4	0	4.8	0	2	0
"MUEBLES PARA EL HOGAR, OFICINA, MEDICOQUIRURGICO, ETC."	1158.8	2443.5	28.9	105.3	111.4	183.1	137.6	291.6	84	106	61.8	221.5	121.9	180.6	33.4	275	120.7	231.8	117.1	182.4	36.1	186.9	163.9	286	142	193.3
NEUMATICOS Y TUBOS	10489.6	2511.9	783.8	227.7	837.8	244.9	1042.9	137.4	775.5	202.3	740.9	193.1	1039.4	274.5	940.8	168.9	752	131.9	1015.1	255.2	835.2	155.5	1114.6	265.4	611.6	255.1
"OBJETOS DE ARTE, PARA COLECCIONES Y ANTIGUEDADES"	7.3	1.7	0	0.4	0.3	0.2	0	0	0.1	0	0	0.2	3	0	2.7	0	0.2	0.1	0.3	0.3	0.2	0.2	0	0.3	0.6	0
OTRAS MANUFACTURAS DE METALES COMUNES	10937.4	2274.5	1257.5	87.6	812	192.4	1390.1	365.5	692.1	169.5	911.7	221.2	932.5	213.3	845.5	200.1	621.4	275.6	914.5	141.7	901.2	125.1	810.6	144.6	848.2	138.1
OTROS ACEITES ESENCIALES	18.7	0	0	0	0	0	0	0	7.9	0	0.1	0	1.7	0	0.3	0	2.7	0	0	0	0	0	6.1	0	0	0
PAPEL Y CARTON	6126	391.2	458.6	13.3	440.3	11.7	576.3	19.8	532.3	34.9	348	45.7	591.9	54.2	594.3	47.8	720.2	9.6	371.3	44.4	641.7	31.8	541.6	14.8	309.4	63
PESCADO Y MOLUSCOS	115.5	0	30.3	0	6.2	0	41.7	0	2.8	0	3.6	0	22.1	0	2.9	0	3.7	0	0	0	2.3	0	0	0	0	0
PIELES Y CUEROS	471.9	0	32.2	0	31.6	0	25.6	0	17.7	0	19.3	0	31.9	0	9.2	0	71.9	0	37.9	0	65.6	0	68.3	0	60.9	0
PINTURAS Y BARNICES	4620.5	3929.8	351.8	348.8	304.2	288.1	244	235.5	215.9	241.9	253.1	407.2	523	157.1	586.2	314.5	172.3	485.8	576.4	295.3	312.7	352.3	587.7	449.7	493.2	353.6
PREPARADOS A BASE DE CEREALES	16681.5	16863.6	1131.1	739.5	1434.1	1186.3	1306.4	1735.7	990.4	1224.1	1441.1	2041.4	1416.4	1499.3	1358.3	1501	1566.3	1629.7	1530.7	1368.8	1630.3	1514.5	1523.3	1457.4	1353	965.8
"PREPARADOS DE CARNE, PESCADO, CRUSTACEOS Y MOLUSCOS"	4766.9	5943.1	340.9	698.1	557.8	475.2	419.6	376.2	181.2	360.7	318.5	404.9	311	497.6	471.6	377.1	591.3	408.6	476.9	606.8	485.4	585.1	358.3	590.4	254.3	562.4
PREPARADOS DE LEGUMBRES Y HORTALIZAS	1344.3	4318.1	157.5	418.8	94.5	303.4	147.5	467.8	80.9	315.9	141.6	265.4	94	269.9	50	264.3	134.4	435.2	118	370.9	86.3	315.3	160	444.7	79.6	446.5
PREPARADOS DE FRUTAS	2824.3	3370.5	151	194	161.3	296.5	255.8	293.7	231.2	184.6	285.2	265.8	206.7	228.9	228.5	203.7	158.1	167.7	267.4	604.4	277.4	210.7	273	503.9	328.6	216.6
"PRODUCTOS DE PERFUMERIA, TOCADOR Y COSMETICOS"	1321.8	11645.8	119.4	973.8	73.6	826.5	120.4	841.8	81.4	813.5	90	1173.6	107.1	993.3	88	975.8	108.4	1021.5	115.7	976.3	113.2	1231.1	176.9	1035.8	127.8	782.7
PRODUCTOS DIVERSOS DE LA INDUSTRIA QUIMICA	13564.9	6141.5	1273.9	608	1045.6	338.4	1197.8	412.1	1039.8	544	1101.8	431.8	999.1	417.7	1159.8	684.1	1119.4	427	1074.9	555.3	1143.5	640.5	1374.2	566.1	1035	516.5
PRODUCTOS FARMACEUTICOS	40813.6	19029.8	1925.8	1452.5	3981.2	1752.4	3012.8	1259.8	2180.9	1855.7	3851	1239	4016.6	1604	4058.2	1141	3887.6	1474.2	3046	2026.5	3323.1	2139.3	3430.2	1766.5	4100.1	1318.9
PRODUCTOS FOTOGRAFICOS Y CINEMATOGRAFICOS	52.5	407.3	3.7	55.8	1.9	23.3	3.5	6.9	1.6	29.1	4.7	34.6	5.2	7.5	4.4	29	0.8	32.8	16.5	0.5	2.9	55.1	5.5	84.1	1.8	48.6
"ROPA DE CAMA, DE MESA, TOCADOR, COCINA Y BA&O"	154.8	1146.3	2.7	85.5	18.3	80.1	21	167.9	7	54.4	24.2	120	3.5	39.5	11.5	77.6	1.8	91.2	15.8	73	21.1	126.1	18	161.5	9.8	69.3
"SALSAS, CONDIMENTOS Y SAZONADORES COMPUESTOS"	15911.6	586.4	1327.5	15.3	1164.6	25.7	1521.2	60.4	1063.4	28.5	1337.6	63.9	1341.2	46.4	1189.1	10.6	1333.4	55.5	1205.3	19.7	1311.9	137.5	1658.6	51.5	1457.9	71.3
"SOMBREROS, PARAGUAS, TAPASOLES, OTROS"	37.5	27.4	0	0.1	6.3	2	1.9	0.9	5.5	1.7	3.9	1.3	0.1	2.2	10.2	0.6	2.8	1.6	2.8	7.6	3.5	0.4	0.1	4	0.3	5
TABACO ELABORADO	66.2	113.5	42.7	0	0.4	0	7.6	20.9	0.1	22.9	8.3	0	1.2	0	0.1	9	0.6	0	0.1	0	0.1	2.9	3.7	0	1.3	57.9
TUBERIA Y SUS ACCESORIOS	1704.4	3205.8	70	154.4	108.1	225.8	271.1	302.9	148	335.7	153.7	369.9	135.3	368.6	120	314.7	107.6	230.4	175.9	266	227.4	315.4	131.9	151.7	55.3	170.1
VEHICULOS Y MATERIAL DE TRANSPORTE	1080.8	2311.4	41.2	287.7	130.5	69.9	59.2	87.8	121.4	129.1	85.6	320.3	52.5	167.5	94.5	185	75.6	223	63.7	305.2	18	29.4	202.5	171.9	136.1	334.7
VIDRIO Y SUS MANUFACTURAS	9457	1596.9	683.2	61.9	1843.6	98.7	1369.3	86.7	917.3	73.4	865.8	17	751.1	44.4	370.1	307.4	270.7	140.5	356.8	163.1	911.1	185.5	393.4	251.8	724.6	166.5
INDUSTRIAS EXTRACTIVAS	9027.5	3032	835.3	490.4	1172.5	785.3	689	342.7	363.3	83.9	779.4	196.5	533.4	174.8	752.6	150.8	512.9	155.4	658.9	128.7	999.9	154.8	905.3	116	824.9	252.5
ALUMINIO	3594.8	82.8	303.7	3.4	335.1	19.8	333.4	1.3	80.6	4.5	414	2.4	213.2	18.7	319.9	5.9	200.8	7.8	257	2.5	375.9	6.9	402.5	5	358.7	4.7
ASFALTO	0	0.6	0	0.6	0	0	0	0	0	0	0	0	0	0	0	0	0	0	0	0	0	0	0	0	0	0
CEMENTO	437.7	18.4	0	0	437.7	0.5	0	0	0	0	0	5.6	0	0	0	5.4	0	1.4	0	0	0	5.4	0	0.1	0	0
COBRE Y SUS MANUFACTURAS	32.5	15.3	1.1	7.3	0	0	1.5	0	0.9	0	0	0	3.5	0	3.3	1.9	1	6.1	19.7	0	0.6	0	0.9	0	0	0
DESPERDICIOS Y DESECHOS DE METALES (CHATARRA)	3220.4	0	286.6	0	291.5	0	305.8	0	168.7	0	260.4	0	238.1	0	278.9	0	259.8	0	280.6	0	320.6	0	296.3	0	233.1	0
GASES INDUSTRIALES	251.3	18.2	44.4	16.4	24.1	0	5.8	0	8.4	0	12.5	0.9	20.3	0.8	6.7	0	33.9	0	6.6	0	44.8	0	17.3	0	26.4	0
HIERRO Y ACERO	1148.6	1239.2	159.2	322.2	57.5	611.7	35.6	185.7	91.4	0.9	55.5	43.5	31.7	8.8	131.5	0.3	9.2	0	84.9	5.9	166.5	8.6	133.6	0	191.9	51.6
MAGNESIO	0	31.7	0	2	0	6.6	0	3	0	1	0	5.1	0	0	0	2.6	0	6.5	0	4.9	0	0	0	0	0	0
MARMOL	0	77.5	0	5.4	0	10.7	0	15	0	7	0	20.7	0	0	0	2.7	0	7.5	0	0.6	0	2.9	0	0.6	0	4.5
OTROS DERIVADOS DE PETROLEO	70.9	300	0	12.8	0.5	13.2	1.9	14.5	3.9	14.4	20.1	16.8	0.7	24.9	2.1	16.6	3.5	17	0	17.8	0	23.5	38.2	21.4	0	107
OTROS METALES COMUNES	0.2	0	0.2	0	0	0	0	0	0	0	0	0	0	0	0	0	0	0	0	0	0	0	0	0	0	0
PIEDRAS Y METALES PRECIOSOS Y SEMI PRECIOSOS	4.5	0	0	0	0	0	0	0	0	0	0	0	4.5	0	0	0	0	0	0	0	0	0	0	0	0	0
PRODUCTOS MINERALES DIVERSOS	202.2	1248.3	27.5	120.3	23.4	122.8	0.8	123.1	4.4	56.1	0.1	101.5	17	121.6	6.7	115.4	1.9	109.1	9	97	87.7	107.7	11.3	88.9	12.4	84.8
ZINC	64.4	0	12.5	0	2.7	0	4.1	0	5	0	16.8	0	4.4	0	3.5	0	2.9	0	1.1	0	3.8	0	5.2	0	2.5	0
