	Importaciones	Exportaciones	Importaciones	Exportaciones	Importaciones	Exportaciones	Importaciones	Exportaciones	Importaciones	Exportaciones	Importaciones	Exportaciones	Importaciones	Exportaciones	Importaciones	Exportaciones	Importaciones	Exportaciones	Importaciones	Exportaciones	Importaciones	Exportaciones	Importaciones	Exportaciones	Importaciones	Exportaciones
TOTAL	405856.1	257839.9	30813.7	17307.9	29497.6	19108.4	35705.9	21278.2	29744.6	18055.9	38167.6	24389.7	34443.8	21055.6	33610.6	21217.4	33289.2	22576.8	35361.2	21436.4	38478.8	24340.8	35408.5	25485.1	31334.7	21587.7
INDUSTRIAS AGROPECUARIAS	4592.9	11538.8	161.2	605.8	219.8	1084	210	550.5	340.2	724.5	712.3	583.7	588	751.4	520.2	449.8	364.2	2035	395.7	970.4	492.8	1315.8	360	1102.5	228.6	1365.4
AJO	0	2.5	0	0	0	0	0	2.5	0	0	0	0	0	0	0	0	0	0	0	0	0	0	0	0	0	0
ALGODON	0	0	0	0	0	0	0	0	0	0	0	0	0	0	0	0	0	0	0	0	0	0	0	0	0	0
ANIMALES VIVOS DE GANADERIA	199	434.5	7.7	0	44.7	0	0	0	30.5	0	4.5	0	31.5	3.3	0	0	0	234.7	61.5	0	0	191.5	18.7	0	0	5
ANIMALES VIVOS DIVERSOS	20.6	0	1.2	0	0	0	0	0	0.3	0	11	0	0	0	0	0	5.3	0	1.2	0	1.5	0	0	0	0	0
ARROZ	38.6	0	0	0	0	0	6.5	0	6.5	0	13	0	5.3	0	4.1	0	0	0	0	0	0	0	0	0	3.3	0
"BULBOS, RAICES Y PLANTAS ORNAMENTALES"	1395.8	274.8	36.4	4.7	31.4	2	43.8	89.1	70.4	4.1	426.5	0.4	60.1	30.7	12.8	2.3	102.1	28.7	153.7	0	210.8	73.7	135	27.3	112.9	11.7
CAFE	0.6	0	0	0	0	0	0	0	0.6	0	0	0	0	0	0	0	0	0	0	0	0	0	0	0	0	0
CAUCHO NATURAL (HULE)	10.6	10042.7	0.8	544.6	0	1049.9	0	434.3	0	690.8	6.7	455.8	0.7	648	1.8	395	0.6	1633.8	0	935.4	0	969.9	0	1027.1	0	1258.1
CEBOLLA	24.1	10	16.7	0	0	0	0	0	0	0	0	0	0	1	0	2.7	7.4	6.3	0	0	0	0	0	0	0	0
"CEREALES DIVERSOS (CENTENO, CEBADA, AVENA, SORGO, ETC)"	0	7.8	0	0	0	6.8	0	0	0	0	0	0	0	0	0	0	0	0	0	1	0	0	0	0	0	0
ESPECIAS	382.2	95.7	10.3	16.3	60.3	15	23.8	0.8	34.7	0.9	28.5	27.1	24.6	1	25.3	1.5	15.3	15.8	12	0	60.6	16.5	78.2	0	8.7	0.9
FLORES Y FOLLAJES	17.1	55.8	1	0	3.2	0	1	0	0.6	0	2.1	0	0.7	0	0.5	0	1.8	28.3	1.4	2.3	2.3	8.3	1.5	10.5	1	6.3
FRIJOL	0	0.5	0	0	0	0	0	0	0	0	0	0	0	0	0	0	0	0	0	0	0	0	0	0	0	0.5
"FRUTAS FRESCAS, SECAS O CONGELADAS"	549.2	73.4	6.6	0	0	0	0.8	0	0	5	9.7	10	0	21.3	31.5	2.5	117.4	1.5	81.1	0	166.5	0	85.3	13	50.4	20.1
HUEVOS DE AVES	10	1.1	0	0	0	1.1	0	0	0	0	0	0	0	0	0	0	2.4	0	0	0	0	0	7.6	0	0	0
LEGUMBRES Y HORTALIZAS	8.7	68.4	0	0	0	0	0	0	0	0	0	0	3.8	13.4	0	3.1	1.6	26	0	0	0	0	0	6.4	3.2	19.5
MAIZ	0	133.5	0	0	0	4.3	0	0	0	0	0	45.9	0	18.2	0	0	0	50.8	0	0	0	14.2	0	0	0	0
OTROS PRODUCTOS DEL REINO ANIMAL Y VEGETAL	768.2	32.8	64	0	71.8	0	82.4	2.4	87.7	0	67.1	4.7	98.2	6	79.2	5.9	63.7	0	74.3	2.6	35.4	0	19.7	8.5	24.9	2.7
PIMIENTA	22.2	2.1	2.8	0.1	5	0	0.7	0	0.5	0	0	0.1	0	0	2.4	0	0	0.1	7.5	0	0.5	0	0	1.7	2.9	0
"PLANTAS, SEMILLAS Y FRUTAS PARA USO MEDICO Y PERFUMERIA"	101.3	93.6	11	8.1	3.3	4.8	14.3	10.1	1.5	7.7	3.2	7.7	4.4	7.4	7.4	7.7	2.3	9	3.1	0.1	15.4	11.3	14.1	8	21.3	11.6
SEMILLA DE AJONJOLI	0	207.2	0	32	0	0	0	11.2	0	16	0	32	0	0	0	29	0	0	0	29	0	29	0	0	0	29
TABACO EN RAMA O SIN ELABORAR	20.6	1.3	0	0	0	0	0	0	0	0	0	0	0	0	20.6	0	0	0	0	0	0	1.3	0	0	0	0
TOMATE	0	1.2	0	0	0	0	0	0	0	0	0	0	0	1.2	0	0	0	0	0	0	0	0	0	0	0	0
YUCA	2.5	0	0	0	0	0	0	0	0	0	2.5	0	0	0	0	0	0	0	0	0	0	0	0	0	0	0
INDUSTRIAS MANUFACTURERAS	387018.9	243310.9	29632	16589.3	28393.4	17724.2	34587.3	20274.4	28273.2	17129.1	35649.6	23555.8	31294.3	20132	31755.4	20613.5	31886.5	20345.4	34201.3	20232.9	36993.8	22777.3	33996.5	24074.4	30355.7	19862.6
ABONOS Y FERTILIZANTES	655.8	1562	76	78.4	17.8	199.5	63	176	31.7	222.2	44.1	201.5	57.2	106	49.1	113.5	68.5	44.8	96	72.1	36.5	129.6	51.4	122.8	64.6	95.8
ALIMENTOS PREPARADOS PARA ANIMALES	1462.1	710.2	99.5	12.6	70	68.2	61.8	60.3	68.8	2.4	200.2	61.1	89	21.5	148	39.9	178.2	135.2	69.7	79.7	149.8	74.6	154.1	26.8	173.2	128
APARATOS ELECTROMECANICOS DE USO DOMESTICO	17122.3	1323.9	1976.3	156.5	803.8	25.4	1513.7	47.2	1255.6	71.6	2269.4	188.9	1035.7	195.5	969.6	99.5	1518.3	79.6	1754.7	120.3	1622.1	101.6	1299.8	127.5	1103.2	110.4
APARATOS DE REGISTRO Y REPRODUCCION DE SONIDO	1259	204.9	22.9	15.2	82	5.8	67.4	46.9	357.1	23.9	60.8	17	45.7	13.5	8.9	16.4	153.9	3.1	65.7	32.9	77.5	14.4	124.5	12.3	192.6	3.6
APARATOS TRANSMISORES Y RECEPTORES	1616.9	91.6	79.6	3.9	164.9	1.9	0.2	25.9	8.5	0.5	916.6	10.1	86.4	30.9	56.1	3.2	56.5	0.3	28.3	9.4	24.5	2.1	37.5	2.9	157.9	0.6
ARMAS Y MUNICIONES	66.2	0	0	0	0	0	0	0	0	0	61.3	0	0	0	4.9	0	0	0	0	0	0	0	0	0	0	0
ARTICULOS DE VESTUARIO	2264.1	2150.5	87.2	139.7	123.6	127.2	157.9	106.9	83.2	92.7	189.4	323.1	95.1	180	146.9	153.1	262.5	79.6	256.2	110.6	473.9	210.6	278.8	453.7	109.5	173.3
AZUCARES Y ARTICULOS DE CONFITERIA	2067.2	4498.1	148	366.8	276.4	278	257.5	441.8	216.6	308.7	155	414.3	174.7	206.9	166.1	418.1	118.6	403.5	184.8	397.1	175.5	464.6	126.1	379.3	67.8	419
BATERIAS ELECTRICAS	1281.4	1332.6	92.7	51.3	281.7	36.7	89.2	60.7	15.3	109.1	157	205.1	153.5	54	86.7	83.6	102.1	79.3	6.1	147.1	156.8	113.8	0.1	154.7	140.3	237.2
BEBIDAS LIQUIDOS ALCOHOLICOS Y VINAGRES	37503	1655.5	2626.4	52.8	2829.4	92.5	3279.1	67.6	2894.4	93.3	3544.2	94.7	2713.8	82.4	2896.1	121.3	3380.3	147.5	3629.6	170.4	4058.4	223.4	2447.7	209.2	3203.5	300.4
CAFE SOLUBLE Y MOLIDO	262.4	7	0	0	47.2	0.9	0	0	40.5	0	44.8	3.4	0	0	0	0	0.1	0	0	0	0	0	129.8	2.5	0	0.2
CALZADO	122.3	4556.9	3	221	3.9	276.1	13.1	364.5	0	248.5	12.8	254.6	0	286.9	18.9	315.6	11.1	269.7	40.1	481.8	2.4	614.9	14.9	701.8	2.1	521.6
CAMARON Y LANGOSTA	0	104.2	0	7.1	0	4.5	0	17.4	0	3.8	0	4.7	0	11.8	0	7.1	0	9.4	0	2.4	0	10.8	0	18.7	0	6.7
CARNE	3941.2	194.7	507.6	0	439.1	0	321.8	0	192	65.1	267.7	65.2	353	0	328.6	64.3	301.8	0	398.7	0	115.6	0	366.3	0	349.1	0
CERAS	612	4992	39.5	402.6	12.4	541.6	31.3	348.6	24.1	292.2	21.3	538.2	25.8	402.2	34.3	343	59.3	516.1	98	498.3	52.1	644.3	134.6	350.1	79.4	114.9
CLAVOS Y TORNILLOS	98.8	20.4	5.8	5.8	4.9	0.1	8.2	0.5	0.1	0.5	8.3	10.9	15.3	1.5	15.6	0.1	11.9	0	10.4	0.2	6.1	0.3	6.3	0	6	0.3
DETERGENTES Y JABONES	4408.4	18162.8	363.5	1438.1	293.2	1423	328.7	1676	336.7	1628.8	359	1726	368.9	1418.5	435.4	1532	361	1502.5	363.1	1350.3	474	1610.4	343.3	1607	381.6	1250.2
"DISCOS, MATRICES Y CINTAS (DE GRABACION)"	11.7	31.5	0	2.7	0	5.4	7.1	0	0	3.5	0	1.3	1	3.5	1.1	4.1	1.3	0	0.2	2.4	1	0.6	0	5.3	0	2.6
GLICERINA CRUDA	0	4.5	0	0	0	0	0	0	0	0	0	1	0	0	0	0	0	0	0	0	0	0	0	3.5	0	0
GRASAS Y ACEITES COMESTIBLES	1285.5	2061.7	54.5	177.5	132.6	112.3	144.7	236.4	66.9	153.7	40.9	217.2	48.8	125.2	77.8	161.6	96.1	158.6	56.2	170.7	391.7	194.7	120.4	183.3	55	170.6
HARINAS DE CEREALES	44	573.2	0	51.7	16.2	54.1	17.6	40.3	0	44.5	0	10.9	0	107	0	21.2	3.8	34.2	0	97.2	0.5	47.8	4.1	24.8	1.8	39.5
HERRAMIENTAS ARTICULOS DE CUCHILLERIA	132.2	126	6	11.5	0.2	1.6	9.6	16.8	4.1	32.1	0.8	1.1	6.3	6.8	11.7	3.3	10.9	2.1	6.5	44.9	57.5	0.2	11.3	0.6	7.5	5.1
HILOS E HILAZAS	2289.2	2125	102.1	37	138.6	115.7	301.7	165.1	124.9	129.3	226.7	235.8	193	251.2	319.3	222.2	275.3	229.9	104.3	305.1	202.3	254	192.2	143.6	109.1	36
"INSECTICIDAS, FUNGICIDAS Y DESINFECTANTES"	9672.4	11730.7	761.9	783.3	1213.8	1043.5	724.7	976.3	570.2	621.3	1137.5	1377.8	704.4	1131.7	793.8	726.5	527.2	998	413.1	1240.2	1265.4	1122.5	871.4	923.8	689.1	785.9
INSTRUMENTAL MEDICO Y OTROS	1167.5	1037	98.2	55.6	76.4	76.2	78.3	402.3	16.9	18.7	79.7	161.4	148.9	38.4	66	27.8	121.3	24.6	152.1	55.6	84.1	41.2	116.6	79.2	129.1	56
JOYERIA DE FANTASIA	0.6	0	0	0	0	0	0	0	0	0	0.6	0	0	0	0	0	0	0	0	0	0	0	0	0	0	0
"JUGUETES, JUEGOS Y ARTICULOS DE RECREO Y DEPORTES"	81.1	480.6	11.6	6.3	0.4	19.8	9.7	49.2	6.2	36.1	12	20.4	8.3	63.8	2.6	50.9	1.7	56.6	13.9	43.4	0.8	11.5	2.6	89.4	11.2	33.1
LAMINA Y ALAMBRE	37317.9	16888.2	2791.5	1348.1	2197.9	841.3	2979.6	1321.2	2849.2	1463.1	3722.7	1655.7	4017.7	1226.8	3339.9	1449.7	3193.8	1408.2	3328.5	1429.5	3088.4	1981.1	3199.9	1330.8	2608.9	1432.7
LECHE Y OTROS PRODUCTOS LACTEOS	20333.6	662.2	1522.5	22.2	1169.9	26.7	1572.8	59.3	1532	4.5	2197.3	47.3	1612.4	29.3	2152.3	27.5	1698	151.2	1991.2	61	1610	55.2	1518.8	39.7	1756.6	138.4
MADERA EN TROZA	0	92.8	0	0	0	0	0	0	0	0	0	0	0	18	0	18	0	9.9	0	29.6	0	7.5	0	9.9	0	0
MANUFACTURAS DE CAUCHO	728.9	352.3	80.8	72.2	46	14.7	87	64	37.9	21.2	56.1	27.5	62.8	25.1	103.1	14.8	55.4	55.5	29.7	11.3	59.8	15.6	45.1	1.5	65.3	28.8
MANUFACTURAS DE CERAMICA	524.4	4496.6	66.3	372.8	96.9	321.6	80	407.5	82.8	316.8	34.9	376.6	26.7	288.6	36.2	402	22.1	437.8	1.4	340.1	13.3	429.8	27.5	344.6	36.3	458.4
MANUFACTURAS DE CUERO	36.9	9.6	0	0.3	0.6	0	18.1	0.4	5.9	0.1	3.5	2.7	4.1	1.3	1.1	0.9	0.1	1.8	3	0.3	0	0.3	0.1	0.1	0.4	1.6
MANUFACTURAS DE MADERA	3858.5	1250.5	213.6	95.5	332.5	106.8	405.1	98.6	342.9	89.4	452.1	72.1	329.9	120.4	259.4	106.8	292.5	110.7	213.9	128.9	325.5	106.9	307.9	156.1	383.2	58.3
MANUFACTURAS DE PAPEL Y CARTON	26989.4	7764.7	1939.8	284.6	2421.6	565.9	3185.7	387.5	2074.9	544.2	2388.8	575.2	2543.1	589.7	1802.4	507.9	1973.8	676	2214	750.3	2531.8	950.7	1437.9	1183.5	2475.6	749.3
"MANUFACTURAS DE PIEDRA, CEMENTO, YESO, ETC"	93.3	384.5	17.9	37.8	9.6	17.2	8	79.3	9.9	47.4	0.2	41.4	11.8	26.1	12.2	33.3	4.2	12.7	7.4	19.2	5.1	18.7	1.4	20.1	5.7	31.2
MANUFACTURAS DE PIEDRAS Y METALES PRECIOSOS Y SEMI PRECIOSOS	1.2	26.8	0	2.5	0	0.9	0	0.3	0.5	0.1	0	19	0.1	0.4	0	0.8	0.2	0.7	0	0.3	0.2	1.4	0.2	0.4	0	0.1
MANUFACTURAS DE PIELES	221.7	0.2	7.8	0	4.7	0	53.2	0	4.8	0	25.3	0	0	0	0	0	20.6	0	0	0.2	44.9	0	18.5	0	42	0
MANUFACTURAS DIVERSAS	10121.3	3320.6	726.2	295.3	854.8	245.8	753	377.2	929.7	160.4	878.1	318.5	880.6	250.3	797.5	297.9	970.8	226.2	500.8	246.9	847.8	295.6	784.1	286.9	1198	319.6
MAQUINAS Y APARATOS MECANICOS PARA USOS ELECTROTECNICOS	12288.3	12001.1	895.6	948.9	536.6	1237.4	966.4	459.2	649.3	696.9	780.5	1714.1	1218	1475.4	1064.2	1535.6	807.8	996	964.5	564.8	2113	712.6	1432.2	1149.6	860.1	510.6
MATERIALES PLASTICOS Y SUS MANUFACTURAS	28767.8	26730.3	2188.2	1951.4	2667.5	1844.6	3034.4	2328	2274.7	2112.5	2588.8	2498.1	2506.8	2222.9	2418.5	1796.2	2253.6	2109.6	2150.6	1801.9	2294.3	2866	2384.2	2871.9	2006	2327.3
MATERIALES TEXTILES (TEJIDOS O TELAS)	176.6	7021.9	12.8	573.1	15.5	698.8	29.9	673.3	5.5	656.3	1.1	708.8	1.2	464.1	10.5	627.1	13.3	505.9	10.1	476.2	8.8	709.8	22.1	528.1	46	400.5
MELAZAS DE AZUCAR	35	0	0	0	1.6	0	4	0	4.4	0	0	0	4.3	0	0	0	4.8	0	1.3	0	5.1	0	6	0	3.5	0
"MUEBLES PARA EL HOGAR, OFICINA, MEDICOQUIRURGICO, ETC."	1270.6	3473.3	106.8	212.7	48.1	205.1	84.3	220.6	25.2	174.6	65.8	142.7	205.4	186.2	53.6	247.4	31.4	155.3	77.1	539.2	285.1	323	82.8	694.7	205	371.8
NEUMATICOS Y TUBOS	10126.9	2392.4	993.6	139.5	1011.1	237.4	766.2	179.8	654.4	164.2	646.8	162.2	891.7	260.5	677.5	388.3	1171	76.8	891	281.4	820.3	140.7	1021.1	222.6	582.2	139
"OBJETOS DE ARTE, PARA COLECCIONES Y ANTIGUEDADES"	1.3	3.7	0.2	0.5	0	0	0	0.8	0	0	0	0.4	0.1	0	0.2	0	0.3	0.3	0.1	0	0.3	0.1	0	0.4	0.2	1.2
OTRAS MANUFACTURAS DE METALES COMUNES	12327.6	4111.5	1330.6	73.7	820.8	191.1	1083.8	711.9	1111.9	305	1043.8	239.1	823.1	244	1011.7	217.9	1118.8	316.8	1416.4	480.5	880.9	378.7	1010	574.4	675.8	378.4
OTROS ACEITES ESENCIALES	32.1	0.1	3.8	0	0	0	0	0	2	0	8.1	0	2.6	0	0.1	0.1	7.9	0	0	0	0.2	0	4.8	0	2.6	0
PAPEL Y CARTON	5576.7	715.7	488.3	50.2	429.8	67.8	640.1	41.1	411.3	74.1	245.5	117.4	297.5	52.1	548.7	82.1	455.7	47.5	332	43.6	589.2	52.2	558.1	51.9	580.4	35.9
PESCADO Y MOLUSCOS	73.9	12.2	0	0	0	0	0	0	0	0	0	12.2	0	0	0	0	0	0	0	0	42.6	0	19.4	0	11.8	0
PIELES Y CUEROS	569.7	4.3	63.5	0	63.5	0	74.6	0	47.3	0	43.4	0	44.6	0	40.7	0	39.8	0	52.5	4.3	48.6	0	26.3	0	24.8	0
PINTURAS Y BARNICES	7139.1	4266.2	397	378	376.1	313	508.7	265.5	379.7	228.2	523.1	307.4	566.5	353.2	958.6	360.8	434.1	351.5	706.8	374.9	887.9	400.5	995.5	611.2	405.2	322.2
PREPARADOS A BASE DE CEREALES	18004.9	14370.3	929.7	1078.8	1271.5	1051.5	1604	1346.1	1258.9	973.3	1469.1	1374.3	1477	1243.3	1742.5	1578.9	1728.4	1329.6	1630.9	1248.7	1705.4	1351.6	1429.5	892.1	1758	902.2
"PREPARADOS DE CARNE, PESCADO, CRUSTACEOS Y MOLUSCOS"	5437.3	6231.5	646.7	569.5	902.2	568.1	474	517.2	431.6	469	302.5	639.3	258.9	599.2	140.8	523.1	132.8	641.1	780.9	434.9	704.7	381.1	431.9	482.5	230.4	406.5
PREPARADOS DE LEGUMBRES Y HORTALIZAS	1602.6	4840	75.4	377.1	159.7	568.1	107.7	284.8	112.1	279.6	199.1	456.6	169.1	453.8	139.9	317.5	122.4	242	182.4	407.6	71.9	743.4	165.7	236	97.3	473.4
PREPARADOS DE FRUTAS	3655.8	4908.6	195.2	386.9	286.6	283.3	297.1	520.3	249.6	477	307.8	549.8	358.2	294.7	387.2	338.4	334.7	509.2	305.2	394.2	279.3	297.2	380.3	425.9	274.5	431.6
"PRODUCTOS DE PERFUMERIA, TOCADOR Y COSMETICOS"	1716.3	12939.8	94.9	1147.8	206.2	1041.6	129.8	1437.4	155.9	835.1	175.2	1080.5	125.7	995	85.3	1233	207.5	866.3	147.1	1040.5	144.1	1147.2	122.9	1222.7	121.6	892.7
PRODUCTOS DIVERSOS DE LA INDUSTRIA QUIMICA	13558.2	6744.1	908	381.8	973.1	494.1	1310.1	556.2	992.2	520.8	745.4	522	1202.2	531.8	1468.8	526.4	775.6	710.9	1493.3	347.4	1280.7	663.7	1686.9	832.1	721.8	656.8
PRODUCTOS FARMACEUTICOS	42225.3	24315.8	3382.8	1306	2061.7	1721.2	3318	1800.1	3195.6	1459.4	4566.2	2015	3024.4	2491.9	3633.3	2114.7	4084.3	2359	4331.2	2205.8	3511.3	1563.9	4288	2593.2	2828.6	2685.7
PRODUCTOS FOTOGRAFICOS Y CINEMATOGRAFICOS	44.6	334.7	5	54.6	5.1	21.4	7.3	37.7	1.4	9.6	1.2	32.4	2	8.9	2.1	13.6	2.9	3.5	2	65.1	1.1	13.4	7.1	59.5	7.4	15
"ROPA DE CAMA, DE MESA, TOCADOR, COCINA Y BA&O"	211.7	1266.3	0.1	60.6	4.5	82.5	11.4	155.2	7.8	70.9	15.5	129.5	17.3	87.8	20.5	115.9	46.2	150.4	17.8	145.2	7.1	84.6	48.3	83.4	15.2	100.3
"SALSAS, CONDIMENTOS Y SAZONADORES COMPUESTOS"	19687.8	1519.3	1451.3	42.4	1448	27.4	1983.4	86.5	1504.5	124	1701.6	112.7	1642.2	57.8	1413.8	47.2	1533.4	171.6	1590.4	216.9	1758	180.2	1822.8	280.2	1838.5	172.4
"SOMBREROS, PARAGUAS, TAPASOLES, OTROS"	35.3	51.9	0	3.9	0	2.6	0.5	2.8	2.4	2	1.1	2.8	23.5	3.7	0.2	7.4	0.6	4.2	1.3	10.7	2.3	4.3	0	4.9	3.3	2.4
TABACO ELABORADO	1.2	56.9	0	21.2	0.2	3.8	0	0	0.4	0	0	3.1	0	4.6	0	2.7	0.1	4.6	0	6.3	0.4	6	0	4	0	0.5
TUBERIA Y SUS ACCESORIOS	1060.7	3345.7	75	68.6	139.7	142.5	172.1	61.9	51.9	234.7	42.1	369.8	104.8	227.8	80.1	386.8	27.6	227.7	1.1	279.8	188.5	468.7	82.7	523.7	95.1	353.8
VEHICULOS Y MATERIAL DE TRANSPORTE	2938.7	4164.4	104.8	33.3	451.9	189.8	155.7	319.9	141.4	155.2	120.1	507.8	71.8	395.7	155.9	680.6	89.6	547.9	195.1	224	340.4	352.4	729.5	528.4	382.5	229.4
VIDRIO Y SUS MANUFACTURAS	8798.3	2502.7	753.9	120.3	349.7	80.4	1195.5	145.9	417.4	257.4	486.6	576.1	441.1	162.7	559.6	83.9	609.3	152.7	882.6	189.6	1067.2	185.4	1063.2	204.8	972.3	343.5
INDUSTRIAS EXTRACTIVAS	14244.3	2990.3	1020.5	112.8	884.5	300.2	908.5	453.3	1131.3	202.4	1805.7	250.3	2561.6	172.2	1334.9	154.1	1038.6	196.3	764.2	233.1	992.1	247.7	1052	308.2	750.4	359.7
ALUMINIO	5395.6	68.9	436	0.5	427.5	4.9	271.7	0	446.3	6.3	652.7	7	550.1	14.1	268.7	11.9	449.8	4.5	328.2	4.2	604.9	13.7	638.5	1.1	321.4	0.7
CEMENTO	0	7.6	0	2.1	0	0	0	5.5	0	0	0	0	0	0	0	0	0	0	0	0	0	0	0	0	0	0
COBRE Y SUS MANUFACTURAS	26.8	20.4	2.7	0	0	3.9	19.6	0	3.7	0	0	0	0	0	0	8.2	0	0	0	0	0.2	0	0.5	8.3	0	0
DESPERDICIOS Y DESECHOS DE METALES (CHATARRA)	3227.8	0	282	0	348.7	0	292.8	0	179.3	0	231.4	0	242.5	0	265	0	338.7	0	288	0	265.4	0	238.2	0	255.8	0
GASES INDUSTRIALES	178.7	269.5	37.1	0	0	16.9	11.7	1.2	0	40.4	10.3	41.6	23.2	0	0	22.7	0	22.5	0	22.5	36.8	4.9	19.9	72.5	39.7	24.2
HIERRO Y ACERO	4785.8	568.1	185	16.9	90.3	115.4	287.8	47.1	448.4	0	883.5	41.2	1656	14	662.4	0	226.2	16.4	121.2	35.8	57.1	42.3	120.6	90.7	47.4	148.3
MAGNESIO	1.1	0.9	0	0	0	0	0	0	0	0	0	0	0	0	0	0.5	0	0	0	0	0	0.4	0	0	1.1	0
MARMOL	0	96.4	0	13.4	0	14	0	23.2	0	17.3	0	1.1	0	0.7	0	0	0	0	0	0	0	24	0	2.6	0	0
OTROS DERIVADOS DE PETROLEO	57.2	451.5	0	5.6	0	14.9	2.8	249	0	19.2	17.2	34.1	7.3	0	11.2	25.3	8.5	17.9	0.6	40.4	8.7	18.4	1	13	0	13.7
OTROS METALES COMUNES	0.8	0	0	0	0	0	0.2	0	0	0	0	0	0	0	0.2	0	0.4	0	0	0	0	0	0	0	0	0
PRODUCTOS MINERALES DIVERSOS	438.6	1507	67.4	74.3	9.3	130.2	16	127.3	43.3	119.2	5.2	125.2	72.1	143.4	115.6	85.4	6.2	135	23	130.2	13.7	144	26.4	120	40.3	172.9
ZINC	131.9	0	10.3	0	8.7	0	6	0	10.3	0	5.4	0	10.3	0	11.9	0	8.8	0	3.1	0	5.3	0	6.9	0	44.8	0
