	Importaciones	Exportaciones	Importaciones	Exportaciones	Importaciones	Exportaciones	Importaciones	Exportaciones	Importaciones	Exportaciones	Importaciones	Exportaciones	Importaciones	Exportaciones	Importaciones	Exportaciones	Importaciones	Exportaciones	Importaciones	Exportaciones	Importaciones	Exportaciones	Importaciones	Exportaciones	Importaciones	Exportaciones
TOTAL	208231.2	73829.1	15701	4679	12763.2	5175.5	14606.1	9162.5	17547.4	7068	19875.6	11549.7	21657.5	11614.6	16723.9	5851.8	16504	4055	19048.7	4200.1	13461.5	4113.9	22939.7	2635.8	17402.7	3723.4
INDUSTRIAS AGROPECUARIAS	867.7	70130.3	70.9	4285.7	44.9	5074	77.7	8987.2	10.7	6918.1	108	11328	33.8	11333.4	71.5	5607.9	32.9	3530	34.9	3732.1	145.2	3926.7	139.2	2442.5	98	2964.7
ANIMALES VIVOS DE GANADERIA	19	0	0	0	0	0	0	0	0	0	0	0	0	0	0	0	14	0	5	0	0	0	0	0	0	0
AVES DE CORRAL VIVAS	50.5	0	16.5	0	0	0	11.6	0	0	0	0	0	0	0	0	0	0	0	17.1	0	5.3	0	0	0	0	0
BANANO	0	1104.2	0	0	0	0	0	0	0	0	0	0	0	0	0	0	0	0	0	0	0	0	0	526.7	0	577.5
"BULBOS, RAICES Y PLANTAS ORNAMENTALES"	111.2	302.8	4.9	63.1	6.1	28.5	23.9	43.2	7.5	18.3	57.3	18.3	2.1	19.7	3.6	15.5	0	35.1	2.3	27.1	3.3	13.6	0.1	8.3	0	12.2
CAFE	0.1	56314.3	0	3938.1	0	4736.8	0	8411.6	0	6305.9	0.1	10882.4	0	8342.1	0.1	5251.4	0	2114.8	0	3012.6	0	864.9	0	514.3	0	1939.6
CARDAMOMO	0	415.5	0	52.3	0	11	0	6.5	0	0	0	106.1	0	0.9	0	9.3	0	7	0	0	0	128.8	0	37.3	0	56.4
CAUCHO NATURAL (HULE)	163.7	130.9	0	0	0.4	0	0	0	0	0	24.3	0	10.8	0	0	0	0	0	0.1	130.9	86	0	0	0	42	0
ESPECIAS	0	0	0	0	0	0	0	0	0	0	0	0	0	0	0	0	0	0	0	0	0	0	0	0	0	0
FLORES Y FOLLAJES	0	1648.6	0	49.1	0	72.4	0	232.9	0	249.8	0	141.1	0	83.9	0	114.5	0	135.7	0	119.8	0	111.7	0	221	0	116.7
"FRUTAS FRESCAS, SECAS O CONGELADAS"	0	432.5	0	0	0	0	0	0.3	0	33.7	0	25.3	0	28.6	0	19.6	0	16.3	0	123.3	0	103.1	0	82.3	0	0
LEGUMBRES Y HORTALIZAS	0	299.4	0	31	0	25.5	0	37.1	0	19.7	0	4.5	0	0	0	1.3	0	40.7	0	20.3	0	20.3	0	47.6	0	51.4
MIEL DE ABEJAS	0	306.7	0	0	0	0	0	39	0	0	0	79.6	0	0	0	148.3	0	39.8	0	0	0	0	0	0	0	0
OTROS PRODUCTOS DEL REINO ANIMAL Y VEGETAL	220.6	0	2.2	0	0	0	5.7	0	1.5	0	1.9	0	0	0	8.3	0	9.7	0	0	0	24.7	0	111.8	0	54.9	0
PIMIENTA	0	404.5	0	0	0	0	0	0	0	0	0	0	0	0	0	0	0	289.5	0	101.9	0	13.1	0	0	0	0
"PLANTAS, SEMILLAS Y FRUTAS PARA USO MEDICO Y PERFUMERIA"	302.7	281.8	47.3	61.5	38.3	67.7	36.5	74.3	1.8	0	24.5	70.7	20.9	7.6	59.5	0	9.2	0	10.4	0	25.9	0	27.2	0	1.1	0
SEMILLA DE AJONJOLI	0	1189.6	0	90.6	0	132.3	0	123.4	0	290.8	0	0	0	40	0	48	0	54.8	0	122.6	0	97.7	0	122.7	0	66.9
TABACO EN RAMA O SIN ELABORAR	0	7299.5	0	0	0	0	0	19	0	0	0	0	0	2810.7	0	0	0	796.3	0	73.5	0	2573.5	0	882.5	0	144
INDUSTRIAS MANUFACTURERAS	194154.9	3667	15070.4	393.3	12325.3	93.3	13961.1	175.3	17195.2	149.9	19071.3	218.9	15081.8	281	15932.8	243.9	15944.8	521.9	16974.5	453.2	12865.4	187.2	22620.3	190.7	17112.1	758.6
ABONOS Y FERTILIZANTES	4599.8	0	171	0	143.2	0	156.4	0	418.8	0	98.8	0	30.4	0	3299.5	0	191.6	0	68.6	0	0	0	17.1	0	4.5	0
ALIMENTOS PREPARADOS PARA ANIMALES	70.4	0	0	0	0	0	0	0	27.3	0	0	0	0	0	10.5	0	0	0	0	0	0	0	22.5	0	10.2	0
APARATOS ELECTROMECANICOS DE USO DOMESTICO	1704.8	4.3	98.3	0	262	0.4	73.8	0	128.4	0	99.7	0.2	141	0.4	119.2	0.2	133.5	0.8	491.4	2	77.7	0	55.1	0	24.7	0.3
APARATOS DE REGISTRO Y REPRODUCCION DE SONIDO	10.2	0.4	0.1	0	0.1	0	1.5	0	0	0	0.3	0	0.6	0	0.1	0.1	1.4	0	0.8	0.1	1.6	0	2	0.1	1.7	0.1
APARATOS TRANSMISORES Y RECEPTORES	5919.7	192.4	468.8	0	13.1	0	20.5	0.1	26.6	0	23.7	0.1	256.6	0.2	23.4	0.1	11.4	191.7	26.3	0.2	974.4	0	2424	0	1650.9	0
ARMAS Y MUNICIONES	96.7	0	0	0	0	0	4.1	0	1.5	0	0	0	0	0	0	0	53	0	1.1	0	0	0	37	0	0	0
ARTICULOS DE VESTUARIO	228.8	237.8	19.3	16	16.2	0.7	10.2	70.2	5.7	16.7	40.7	0.5	6.1	28.4	17.3	45.3	33.4	13.5	4.9	0.8	14.6	29.4	6.2	5	54	11.1
AZUCAR	0.4	0	0	0	0	0	0	0	0	0	0	0	0	0	0	0	0	0	0	0	0.4	0	0	0	0	0
AZUCARES Y ARTICULOS DE CONFITERIA	279.8	0	11.8	0	90.6	0	44.8	0	18.7	0	6.6	0	1.2	0	19.4	0	7.7	0	3.5	0	26.3	0	47.9	0	1.2	0
BATERIAS ELECTRICAS	171.9	0	4.7	0	3.7	0	6	0	8.8	0	0.1	0	8.6	0	22.3	0	10.5	0	3.5	0	1.9	0	100.8	0	1.1	0
BEBIDAS LIQUIDOS ALCOHOLICOS Y VINAGRES	355.7	152.4	21.3	0	27	0	53.6	0	4.7	0	17.3	0	7.2	0	33.4	0	10.6	152.4	8.1	0	50.2	0	116.1	0	6.2	0
CALZADO	71.5	1.6	29.7	0	3.8	0	1.6	0	6.9	1.1	2.7	0	0.2	0	11.8	0	0.4	0.5	0	0	1.4	0	0	0	13	0
CERAS	531.2	4.3	33.3	0	0.4	0	61.9	0	47.7	0	16.4	1.2	60.9	0	38.4	0	31.9	0	79.6	1.8	76.6	0	67.7	1.3	16.2	0
CLAVOS Y TORNILLOS	760.7	0.2	29.5	0	22.3	0	99.5	0	147.6	0	62	0	68	0	88.3	0.2	78	0	110.8	0	30.6	0	12.4	0	11.7	0
DETERGENTES Y JABONES	2018.8	0	219.2	0	202.5	0	126.6	0	285.9	0	152.3	0	202.7	0	161.6	0	137.5	0	209.8	0	142.3	0	89.9	0	88.3	0
"DISCOS, MATRICES Y CINTAS (DE GRABACION)"	7.7	0.1	0.1	0	0.2	0	0	0	0.1	0	0	0	5.8	0	0.7	0	0.1	0	0	0	0.2	0	0	0	0.3	0
GRASAS Y ACEITES COMESTIBLES	85.6	0	4.8	0	0	0	2.4	0	7.7	0	4.3	0	0	0	0.3	0	7.5	0	3.8	0	3.9	0	51	0	0	0
HARINAS DE CEREALES	183.2	0	0	0	27.2	0	23.1	0	0	0	30.5	0	1.9	0	34.6	0	0.6	0	1.7	0	35.8	0	28	0	0	0
HERRAMIENTAS ARTICULOS DE CUCHILLERIA	2076.7	2.5	259	0	222.2	0.5	153.2	0	108.3	0	162.7	0	210.2	0.4	231.6	0.1	153.3	0.5	168.5	0.2	97.3	0	142.4	0	167.9	0.7
HILOS E HILAZAS	422	0	65	0	36.8	0	41.6	0	29.9	0	57.5	0	91.5	0	39.8	0	0.8	0	2.7	0	37.7	0	12.6	0	6	0
"INSECTICIDAS, FUNGICIDAS Y DESINFECTANTES"	6770.3	145.2	384.1	15.1	585.6	45.4	775.9	0	983.2	0	951.5	0	1046.6	8.5	581.6	0	566.1	0	183.4	0	268.1	76.2	442.4	0	1.7	0
INSTRUMENTAL MEDICO Y OTROS	5809.4	5.6	637.3	0	409.4	0.5	406.5	0	356.4	0	505.1	0	460.4	1.2	526.4	2.5	372.3	0.8	462.7	0	299.3	0	977.8	0	395.8	0.7
JOYERIA DE FANTASIA	0.6	0	0	0	0.6	0	0	0	0	0	0	0	0	0	0	0	0	0	0	0	0	0	0	0	0	0
"JUGUETES, JUEGOS Y ARTICULOS DE RECREO Y DEPORTES"	167.6	28.7	23.1	0.5	14.3	0.6	14.5	4.7	3.7	0	5.3	0.1	7.7	9	2.2	2.6	7.4	4.6	12.8	0.3	49.3	2.2	21.8	2.1	5.6	2
LAMINA Y ALAMBRE	1053	0	29.5	0	9.4	0	159.1	0	19	0	149.3	0	192	0	25	0	33.4	0	74	0	132.9	0	33.2	0	196.3	0
LECHE Y OTROS PRODUCTOS LACTEOS	105.4	15.8	4.3	0	0	0	0	15.8	0	0	5.8	0	0	0	9.8	0	0	0	0	0	0	0	8.3	0	77.2	0
MADERA EN TROZA	0.2	0	0	0	0	0	0.2	0	0	0	0	0	0	0	0	0	0	0	0	0	0	0	0	0	0	0
MANUFACTURAS DE CAUCHO	937.5	20.9	46.7	0	65.6	0	67.6	0	114	18.9	151	0	93.1	0.2	74.1	1.6	68	0.2	95.1	0	58.5	0	43.7	0.1	60	0
MANUFACTURAS DE CERAMICA	893.8	2.7	435.8	0	47.8	0.3	1.5	0	13.5	0	131.2	0.2	27.4	0.3	23.7	0.5	19.7	0.5	4	0.5	54.2	0	1.2	0.1	133.9	0.2
MANUFACTURAS DE CUERO	57.8	1.4	0.4	0	5.1	0.7	0.6	0	1.3	0.2	0.4	0	12	0	0.6	0	0	0.1	7	0	0.4	0.1	6.2	0	24	0.3
MANUFACTURAS DE MADERA	70.2	300	0.9	0	0.1	0.7	0.3	0	1.7	32.5	0.9	0	15.6	0	0	27.5	0.5	4.6	30.5	33.6	0.1	27.3	0.4	77.7	19.3	96.2
MANUFACTURAS DE PAPEL Y CARTON	3270.4	217.6	299.9	4.7	114.1	3.4	107.6	10.7	325.9	38.2	310.8	31.2	210	21.6	251.7	16.6	287.2	26.1	202.2	19	409.4	11.9	530.7	23.4	220.9	10.8
"MANUFACTURAS DE PIEDRA, CEMENTO, YESO, ETC"	997.1	0.3	57.2	0	108.3	0	78.3	0.2	183.1	0	27.2	0	2.6	0	162.9	0	121.1	0	82.4	0	38.7	0	44.3	0.1	91.2	0
MANUFACTURAS DE PIEDRAS Y METALES PRECIOSOS Y SEMI PRECIOSOS	96.6	4.2	0.4	0	6.6	0	1.7	0.7	1.2	0.3	2.6	0	1.3	0.1	24.7	2.4	38.5	0.4	0	0	0.7	0.1	2.7	0.2	16.2	0
MANUFACTURAS DE PIELES	3.1	0	0	0	0	0	0	0	0	0	3.1	0	0	0	0	0	0	0	0	0	0	0	0	0	0	0
MANUFACTURAS DIVERSAS	5733.4	14.2	674.9	0	320.4	2.7	483.3	1.5	623.6	0.7	613	0.7	357.7	0.8	496.2	1.9	377.3	2	514.4	0.7	310.9	1.8	533.7	0	428	1.3
MAQUINAS Y APARATOS MECANICOS PARA USOS ELECTROTECNICOS	42960.5	862.6	1993.7	0	1678	0.3	1544.5	0.5	2934.2	3.1	5064.3	0.2	1845	1.6	2213.1	5.1	4890.2	0	2442.6	235.5	2533.8	4.7	8717.1	18.3	7104.2	593.4
MATERIALES PLASTICOS Y SUS MANUFACTURAS	7842.8	88.6	865.6	0	785.4	5.9	832.3	28	844	7.6	538.8	1.3	630.5	2.7	454.1	0.4	667.3	5	556.4	23.2	436.9	5.1	428.5	0.2	803.1	9.2
MATERIALES TEXTILES (TEJIDOS O TELAS)	206	10.6	9.3	0	4.7	2.1	73.9	0.2	1.1	5.7	1.5	0	9.6	0	45.7	0	16.6	2.4	7.6	0	9	0.1	9.8	0.1	17.2	0
MOTA DE ALGODON	0	137.5	0	0	0	22.1	0	11	0	11.1	0	11	0	20.4	0	11.2	0	10.2	0	10.1	0	10.3	0	10.2	0	9.9
"MUEBLES PARA EL HOGAR, OFICINA, MEDICOQUIRURGICO, ETC."	375.3	19.7	32.2	0	7.4	1.2	13.4	0.6	0	0	153.3	0.6	2.1	2.3	7.7	4.7	78.4	2.8	60.2	4	16.1	0	3.8	0.7	0.8	2.8
NEUMATICOS Y TUBOS	448.9	0.1	59.8	0	13.6	0.1	126.5	0	11.4	0	3.9	0	1.3	0	7.1	0	37	0	59.9	0	7	0	29	0	92.3	0
"OBJETOS DE ARTE, PARA COLECCIONES Y ANTIGUEDADES"	16.8	1.8	0.6	0	0.3	0	8.5	0	0	0	5.2	0.1	0	0.2	0.7	0.3	0.3	0.5	0.1	0.5	0.5	0	0.3	0.1	0.3	0.1
OTRAS MANUFACTURAS DE METALES COMUNES	2670.1	3.6	165	0	117.7	0.3	539.7	0.2	148.8	0	139.5	0.3	485.9	0.3	144.5	0.5	156.2	0.8	300.8	0.7	215.8	0	172.1	0.1	84	0.4
OTROS ACEITES ESENCIALES	37.7	67.6	0.5	0	0.8	5.3	0.8	0	0	0	0	3	18.1	0	0	21.4	11.9	8.7	0	14.2	4	11.8	1.5	0	0	3.3
PAPEL Y CARTON	916.6	0	61	0	0	0	158.3	0	8	0	98.4	0	88.8	0	140.3	0	85.7	0	97	0	24.8	0	122.1	0	32.2	0
PESCADO Y MOLUSCOS	3	0	0	0	0	0	0	0	0	0	0	0	0	0	0	0	0	0	0	0	0	0	3	0	0	0
PINTURAS Y BARNICES	4690.3	0	290.6	0	315.8	0	699.7	0	527.3	0	236.5	0	484.8	0	216.1	0	298.9	0	779.7	0	343.5	0	291	0	206.4	0
"POLVORA, EXPLOSIVOS Y ARTICULOS DE PIROTECNIA"	0.2	0	0.2	0	0	0	0	0	0	0	0	0	0	0	0	0	0	0	0	0	0	0	0	0	0	0
PREPARADOS A BASE DE CEREALES	170.2	0.1	0	0	41	0	1.8	0	0.9	0	0.9	0	0	0	22.8	0	0	0.1	0	0	32.9	0	44.5	0	25.3	0
"PREPARADOS DE CARNE, PESCADO, CRUSTACEOS Y MOLUSCOS"	73.7	0	8.4	0	0	0	7.5	0	4.4	0	4.4	0	6.4	0	8.8	0	6.2	0	1.4	0	13.7	0	4.4	0	8.3	0
PREPARADOS DE LEGUMBRES Y HORTALIZAS	537.1	487.4	1.4	326	113.5	0	96.1	10	17.9	0	38.7	26.7	119.1	43.7	8.8	0	39.4	25.8	11.9	29.5	69.4	0	7.3	25.7	13.5	0
PREPARADOS DE FRUTAS	94.8	276.3	0	30.3	0	0	9.6	18.2	6.9	13.9	0	20.3	28.1	14.9	28.7	81.3	0	64.1	0	17.1	3.2	0	17.5	16.4	0.9	0
"PRODUCTOS DE PERFUMERIA, TOCADOR Y COSMETICOS"	1521.4	0.5	300.4	0	94.3	0	151.1	0	111.3	0	263	0	113.7	0	97.2	0	68.5	0.5	92.7	0	130.4	0	54.4	0	44.4	0
PRODUCTOS DIVERSOS DE LA INDUSTRIA QUIMICA	30223	25.3	2146.1	0	2455.4	0	2118.8	0	4856.4	0	3464.2	6.8	2696.3	2	2623	7.9	2657.6	0	2911.1	0	1559	0	1623	8.6	1112	0
PRODUCTOS FARMACEUTICOS	18292.1	193.6	1631.3	0	763.6	0	1337.1	0	908.9	0	2356.6	86.4	1935.9	107.3	924.1	0	1169.7	0	3978.5	0	1354.9	0	1218.8	0	712.8	0
PRODUCTOS FOTOGRAFICOS Y CINEMATOGRAFICOS	699.2	0	105.2	0	185.8	0	108.9	0	101.3	0	28.6	0	72.7	0	0	0	0	0	40.9	0	54.5	0	1.4	0	0	0
"ROPA DE CAMA, DE MESA, TOCADOR, COCINA Y BA&O"	71	19.2	3.1	0	1.3	0.1	5.9	2.5	1.5	0	1	0.1	0.8	13.9	11.6	0.2	4.6	1	25.8	0.2	4.8	0.7	1.4	0.1	9.3	0.5
"SALSAS, CONDIMENTOS Y SAZONADORES COMPUESTOS"	89.8	0	5	0	17.5	0	1	0	4.5	0	0	0	7	0	3.1	0	4.4	0	15.5	0	10.3	0	1.3	0	20	0
"SOMBREROS, PARAGUAS, TAPASOLES, OTROS"	116.1	1.7	25.8	0.7	2.8	0	16.4	0	1.6	0	5.6	0	3.7	0.7	26.5	0	12.6	0	1.1	0	5	0	3	0	12.1	0.4
TUBERIA Y SUS ACCESORIOS	1681.4	4	80	0	145.5	0	113.8	0	77.5	0	88.3	0	124.8	0	182.1	4	92	0	232.8	0	104.4	0	263.3	0	176.9	0
VEHICULOS Y MATERIAL DE TRANSPORTE	33009.3	95.2	3083.1	0	2771.7	0.2	2775.1	0	2432.3	0	2670.8	16	2765.7	0.1	2362.9	5.4	2739.5	0	2224.1	58.8	2678.9	0	3658.7	0	2846.4	14.7
VIDRIO Y SUS MANUFACTURAS	1845.4	19.1	171.8	0	50.9	0	242.6	0.1	293.9	0	275.2	12.1	121.8	0	72.8	0	152.8	1.4	280.9	0	57.3	5.4	64	0.1	61.4	0
INDUSTRIAS EXTRACTIVAS	13208.6	31.8	559.8	0	393	8.2	567.3	0	341.4	0	696.3	2.7	6541.9	0.2	719.6	0	526.3	3.1	2039.4	14.9	450.9	0	180.2	2.7	192.6	0
ALUMINIO	1563.2	0.2	158.2	0	3.8	0	285.2	0	55.9	0	285.9	0	55.3	0.2	96	0	240.9	0	161.4	0	72.5	0	45.9	0	102.1	0
COBRE Y SUS MANUFACTURAS	179.5	31.6	37.9	0	33.5	8.2	6.9	0	17.2	0	17.1	2.7	0.6	0	25.5	0	1	3.1	19.7	14.9	0	0	0.8	2.7	19.3	0
DESPERDICIOS Y DESECHOS DE METALES (CHATARRA)	0.9	0	0	0	0	0	0	0	0	0	0	0	0	0	0	0	0.9	0	0	0	0	0	0	0	0	0
ESTA&O	39.9	0	2.4	0	0	0	0	0	0	0	14.1	0	0	0	0	0	0	0	20.9	0	0	0	0	0	2.6	0
GASES INDUSTRIALES	261	0	36.3	0	10.6	0	12.1	0	27	0	4.6	0	18.7	0	68.6	0	22.9	0	24.7	0	25.7	0	0.3	0	9.6	0
HIERRO Y ACERO	9364.3	0	247.1	0	165.8	0	88.6	0	91.8	0	145.9	0	6333.3	0	335.3	0	118.1	0	1656.7	0	176.8	0	0	0	5.1	0
MAGNESIO	3.8	0	0	0	0	0	0	0	0.2	0	0	0	0	0	0	0	2.3	0	0.4	0	0	0	0.9	0	0	0
NIQUEL	36.7	0	8.5	0	2.9	0	23.7	0	0	0	1.2	0	0	0	0	0	0.1	0	0	0	0.2	0	0	0	0	0
OTROS DERIVADOS DE PETROLEO	1566.3	0	53.7	0	176.1	0	131.6	0	116.7	0	205.1	0	128.9	0	178.9	0	132.4	0	138.9	0	144.1	0	106.1	0	53.8	0
OTROS METALES COMUNES	27.5	0	8.3	0	0	0	4.6	0	0	0	3	0	2.1	0	3	0	3.5	0	1.2	0	0	0	1.9	0	0	0
PIEDRAS Y METALES PRECIOSOS Y SEMI PRECIOSOS	48.3	0	0	0	0	0	0	0	0.1	0	0	0	0	0	0	0	0	0	0	0	30.2	0	18	0	0	0
PLOMO	0.5	0	0	0	0	0	0	0	0	0	0	0	0.4	0	0	0	0	0	0	0	0	0	0	0	0	0
PRODUCTOS MINERALES DIVERSOS	97.3	0	7.3	0	0.3	0	14.6	0	14.1	0	19.1	0	2.5	0	12.4	0	4.2	0	15.4	0	1.1	0	6.3	0	0.2	0
ZINC	19.3	0	0.1	0	0	0	0	0	18.5	0	0.2	0	0.1	0	0	0	0	0	0.1	0	0.3	0	0	0	0	0
