	Exportaciones	Importaciones	Exportaciones	Importaciones	Exportaciones	Importaciones	Exportaciones	Importaciones	Exportaciones	Importaciones	Exportaciones	Importaciones	Exportaciones	Importaciones	Exportaciones	Importaciones	Exportaciones	Importaciones	Exportaciones	Importaciones	Exportaciones	Importaciones	Exportaciones	Importaciones	Exportaciones	Importaciones
TOTAL (AGROPECUARIA + MANUFACTURERA + EXTRACTIVA)	123287.1	321259.1	6386.7	26279.1	10007	24175.1	11793.7	24439	6238.8	26479.1	12573.4	23378.9	15779.6	26812.4	5958.9	22714.5	15175.9	34247	15396.1	40929.7	7057.4	27788.5	13055	19945	3864.7	24070.8
INDUSTRIAS AGROPECUARIAS	32244.2	1897.4	2129.2	115.5	2943.9	146.1	2900.7	203.4	3323.9	268	3809	128.5	3585.8	137	1810.8	135.6	3550.7	138.4	2822.9	167.5	1781.1	184.3	1771	152.3	1815.1	120.7
BANANO	9051.2	0	648.2	0	723	0	875.8	0	773.6	0	664.8	0	732.3	0	832.7	0	740.4	0	925	0	661.9	0	553.5	0	920.1	0
"BULBOS, RAICES Y PLANTAS ORNAMENTALES"	4.8	177.2	0	43	0	0	0	45	0.3	0	1.7	0	0	0	0	0	2.5	0.1	0	0	0	89.2	0.3	0	0	0
CAFE	22485.9	0	1462.7	0	2100.8	0	1980.3	0	2440.8	0	3087.7	0	2710.2	0	915.6	0	2769.5	0	1897.9	0	1082.7	0	1179.8	0	857.9	0
CARDAMOMO	15	0	0	0	0	0	0	0	15	0	0	0	0	0	0	0	0	0	0	0	0	0	0	0	0	0
CAUCHO NATURAL (HULE)	0	1692	0	69.6	0	142	0	156.8	0	268	0	128.5	0	133.8	0	135.6	0	138.4	0	164.5	0	94.2	0	139.8	0	120.7
ESPECIAS	0	0.1	0	0	0	0.1	0	0	0	0	0	0	0	0	0	0	0	0	0	0	0	0	0	0	0	0
FRIJOL	195.7	0	9.7	0	38.8	0	0	0	18.6	0	29	0	0	0	19.2	0	20.3	0	0	0	19.4	0	20.3	0	20.3	0
"FRUTAS FRESCAS, SECAS O CONGELADAS"	257.2	14.6	0	0	75.9	0	15.5	0	58.5	0	0	0	64.1	0	43.2	0	0	0	0	2.2	0	0	0	12.4	0	0
LEGUMBRES Y HORTALIZAS	182.7	0.5	8.6	0	5.4	0	29.2	0	17.1	0	8.4	0	45	0	0	0	18	0	0	0.5	17.1	0	17.1	0	16.9	0
MANZANA	0	0.1	0	0	0	0	0	0	0	0	0	0	0	0	0	0	0	0	0	0	0	0	0	0.1	0	0
MIEL DE ABEJAS	0	0.3	0	0	0	0	0	0	0	0	0	0	0	0	0	0	0	0	0	0	0	0.3	0	0	0	0
OTROS PRODUCTOS DEL REINO ANIMAL Y VEGETAL	0.4	9.4	0	2.9	0	4	0	1.5	0	0	0.2	0	0	0	0.2	0	0	0	0	0.3	0	0.6	0	0	0	0
PIMIENTA	0	0	0	0	0	0	0	0	0	0	0	0	0	0	0	0	0	0	0	0	0	0	0	0	0	0
"PLANTAS, SEMILLAS Y FRUTAS PARA USO MEDICO Y PERFUMERIA"	0	3.2	0	0	0	0	0	0	0	0	0	0	0	3.2	0	0	0	0	0	0	0	0	0	0	0	0
SEMILLA DE AJONJOLI	51.3	0	0	0	0	0	0	0	0	0	17.1	0	34.2	0	0	0	0	0	0	0	0	0	0	0	0	0
INDUSTRIAS MANUFACTURERAS	12085.3	262335.3	445	25265.5	698.9	21539.4	511.3	24095.7	605.2	25783.4	475	22877.9	504.5	26606.4	558.6	17380.6	592.4	24376.6	5650.7	16860.4	390.7	15959.1	666.4	19627	986.5	21963.2
ALIMENTOS PREPARADOS PARA ANIMALES	0	3.4	0	0	0	0	0	0	0	0	0	0	0	0	0	0	0	0	0	3.4	0	0	0	0	0	0
APARATOS ELECTROMECANICOS DE USO DOMESTICO	3.9	3184.3	0.2	144.5	0	98	2.5	300.2	0	320.4	0	414	0.2	630.8	0.7	128.7	0	242	0	163.5	0.1	222.4	0.1	333.5	0	186.2
APARATOS DE REGISTRO Y REPRODUCCION DE SONIDO	0.5	66.8	0	1.8	0	14.4	0.2	0	0	0.2	0	1	0.1	4.6	0	1.6	0	22.8	0	0.5	0	2.9	0.1	11.7	0	5.4
APARATOS TRANSMISORES Y RECEPTORES	0.1	602.6	0	85.5	0	7.4	0.1	53.1	0	82.8	0	8	0	21.8	0	21.8	0	73.5	0	10.2	0	65.4	0	141	0	32
ARMAS Y MUNICIONES	0	407.1	0	0	0	202.8	0	0	0	0	0	0	0	0	0	0	0	0	0	0	0	0	0	204.3	0	0
ARTICULOS DE VESTUARIO	344.6	496	1.8	3.9	62.2	20.4	31.3	55.3	35.7	32.2	10.7	7.2	26.4	50.7	10.3	57.9	50.4	112	5.6	4.8	14.5	91.4	49.4	21.3	46.5	38.9
AZUCAR	0	1.2	0	0	0	0.1	0	0	0	0.2	0	0	0	0	0	0	0	0.3	0	0	0	0.5	0	0	0	0
AZUCARES Y ARTICULOS DE CONFITERIA	0	18.6	0	2	0	1.1	0	1.2	0	3.5	0	0.7	0	2.8	0	0.7	0	1.6	0	1.3	0	1.3	0	1.3	0	1
BATERIAS ELECTRICAS	5217.9	4571.9	365.6	330.1	371.3	316.8	352	358.3	452	779	385.2	380.4	370.5	717.7	413.7	272.3	450.7	153.8	506.1	364.4	305.9	249.3	560.6	503.2	684.2	146.5
BEBIDAS LIQUIDOS ALCOHOLICOS Y VINAGRES	5037.8	5015.1	0	319.5	0	354.4	0	429.7	0	299.2	0	493.3	0	301.7	0	592.4	0	760.2	5037.8	443.1	0	236	0	305.8	0	479.8
CAFE SOLUBLE Y MOLIDO	32.6	127.2	0	3.1	0	0	0	0	0	1.4	0	0.9	0	1.6	32.6	15.2	0	0.3	0	0.4	0	31.8	0	33	0	39.4
CALZADO	0.4	70.5	0	0.6	0	0	0.1	3.3	0	18.7	0	1.3	0.1	1.5	0.2	2.5	0	17.2	0	0.2	0	1.2	0.1	5.4	0	18.8
CARNE	0.4	0	0	0	0	0	0	0	0	0	0	0	0	0	0	0	0	0	0	0	0.4	0	0	0	0	0
CERAS	0	47.3	0	0	0	0	0	2.8	0	0	0	0	0	7.4	0	0	0	0.6	0	0.1	0	29.9	0	6.5	0	0.1
CLAVOS Y TORNILLOS	1.9	160	0	13.6	1.9	3.3	0	11.6	0	14.2	0	3	0	25.6	0	2.3	0	30.6	0	6.4	0	10.4	0	11.9	0	27.2
DETERGENTES Y JABONES	0	617.5	0	49.8	0	38.1	0	13.6	0	116.6	0	80.3	0	64.2	0	28.8	0	21.7	0	26.8	0	58.5	0	13.4	0	105.7
"DISCOS, MATRICES Y CINTAS (DE GRABACION)"	0	46.1	0	5.3	0	1.7	0	1.3	0	2.6	0	5.8	0	12.9	0	2.2	0	0.6	0	2.4	0	6.8	0	3.9	0	0.6
GRASAS Y ACEITES COMESTIBLES	0	30.4	0	0.6	0	0.6	0	0.7	0	0.4	0	0.7	0	8.5	0	0	0	13.7	0	2.8	0	0.3	0	2.1	0	0
HARINAS DE CEREALES	0	1.7	0	0.8	0	0	0	0	0	0	0	0.9	0	0	0	0	0	0	0	0	0	0	0	0	0	0
HERRAMIENTAS ARTICULOS DE CUCHILLERIA	0.1	349.5	0	36.3	0	45.7	0	29.5	0	12	0	22	0	8	0	23.8	0	22.1	0	89.1	0	19.1	0	25.6	0	16.1
HILOS E HILAZAS	0.3	15400.2	0	701.8	0	981.4	0	1233.2	0	1470.3	0	1582.3	0	795.2	0	2555.3	0	1553.9	0	1129.5	0.2	1181.2	0	1264.1	0	952.1
"INSECTICIDAS, FUNGICIDAS Y DESINFECTANTES"	0	735.3	0	0	0	0	0	183.6	0	0.9	0	0	0	183.6	0	0	0	0	0	183.6	0	0	0	183.6	0	0
INSTRUMENTAL MEDICO Y OTROS	4.7	2806.3	0.1	171.9	0	359.4	0.2	127.3	0	355.9	0	157.2	0	174.3	0	231.8	4.4	261.4	0	145.1	0	275	0	271.3	0	275.5
"JUGUETES, JUEGOS Y ARTICULOS DE RECREO Y DEPORTES"	8.9	154.4	4.3	0.7	0	2.3	2.5	15.6	0	10.3	0	0.2	0.1	39.7	0.3	7.9	0	46.7	0	0.3	1.6	2.4	0.1	25.5	0	2.7
LAMINA Y ALAMBRE	0	1870.7	0	132.5	0	63.9	0	158.2	0	44.6	0	124	0	22.5	0	195.2	0	469.5	0	287.8	0	9.9	0	83.1	0	279.4
LECHE Y OTROS PRODUCTOS LACTEOS	0	34.4	0	1.5	0	0.1	0	0	0	22.7	0	0	0	0	0	0	0	0	0	0	0	0.3	0	9.7	0	0
MANUFACTURAS DE CAUCHO	17.8	893.1	0	6.4	17.8	76.3	0	198	0	137	0	71	0	146.7	0	22.4	0	34	0	50.3	0	11.2	0	95.5	0	44.4
MANUFACTURAS DE CERAMICA	0.7	94.8	0.1	1.5	0	0.3	0.1	6.4	0	10.1	0	4.7	0	0	0	9	0	37.3	0.1	1.4	0.2	10.7	0.2	12.4	0	1
MANUFACTURAS DE CUERO	0	16.4	0	0	0	0	0	0	0	10.2	0	0	0	0	0	0.2	0	3.7	0	0.6	0	0.9	0	0.2	0	0.6
MANUFACTURAS DE MADERA	0.4	26.4	0	3.3	0	0.3	0.1	0.6	0	0.9	0	0.2	0	1.6	0	0.2	0	3.1	0	0	0.1	0.1	0.2	10.9	0	5.3
MANUFACTURAS DE PAPEL Y CARTON	941.4	7682.8	71.6	611.5	80.1	499.5	91.3	724.3	82.8	697.8	68.6	607.9	74.6	555.3	86.7	389.5	75.3	433.4	94.6	720.2	65.9	577.3	53.8	964.7	96.1	901.7
"MANUFACTURAS DE PIEDRA, CEMENTO, YESO, ETC"	0	89.4	0	6	0	6.8	0	12	0	11.2	0	0	0	0.5	0	0	0	19.1	0	0	0	0	0	33.6	0	0.3
MANUFACTURAS DE PIEDRAS Y METALES PRECIOSOS Y SEMI PRECIOSOS	29	199.1	0	14.9	4.5	20.8	0	14.9	0	32	10.6	9.6	6.9	45.9	0	19.7	7.1	11.4	0	2.7	0	10.1	0	10.9	0	6
MANUFACTURAS DE PIELES	0	25.1	0	0	0	0	0	0	0	0	0	0	0	0	0	0	0	0	0	25.1	0	0	0	0	0	0
MANUFACTURAS DIVERSAS	6.4	3953	0	664.2	0	452.8	0.1	134.1	0	327.9	0	248.9	0	311.2	0.5	762.3	0	237.2	5.4	103.1	0.1	205.1	0.2	286.8	0	219.4
MAQUINAS Y APARATOS MECANICOS PARA USOS ELECTROTECNICOS	70.2	17732	0	2377.4	36.4	1158.7	29.2	1908	0	1521.2	0	2258.7	0.2	1526.8	0.6	999.7	2	1257.5	0	1350.3	0.2	667.1	0.1	909.6	1.7	1797
MATERIALES PLASTICOS Y SUS MANUFACTURAS	26.5	14749.5	0.1	1723.6	0	1368.8	0.3	1076.2	0	2051.8	0	1289.5	24.4	997.2	0.1	950.8	0	1186.1	1	1121	0.5	1298.9	0.1	893.9	0	791.7
MATERIALES TEXTILES (TEJIDOS O TELAS)	3.6	57862.8	0	8559.3	0	5269.6	0.1	6040.8	0	6511.5	0	5493.4	0.4	4339.6	0.3	4031.7	2.5	2946.2	0	2816.8	0	2878	0.3	4411.3	0	4564.6
"MUEBLES PARA EL HOGAR, OFICINA, MEDICOQUIRURGICO, ETC."	4	402	0	55.3	0	2.9	1.2	42.1	0	17.1	0	12.4	0.3	31.1	1.4	21	0	99	0	6.3	0.2	7.9	1	54.9	0	52.1
NEUMATICOS Y TUBOS	0	7240.4	0	598	0	505.3	0	438	0	735.7	0	747.3	0	604.5	0	631.4	0	601.5	0	542.7	0	610.1	0	501.1	0	724.9
"OBJETOS DE ARTE, PARA COLECCIONES Y ANTIGUEDADES"	0	0.3	0	0	0	0	0	0	0	0	0	0	0	0	0	0	0	0	0	0.3	0	0	0	0	0	0
OTRAS MANUFACTURAS DE METALES COMUNES	118.5	2231.4	1.3	119.6	116.8	246.9	0.1	256.5	0	146.6	0	196.3	0.1	117.4	0	50.2	0	387	0	168	0.1	167.3	0	234.1	0	141.6
OTROS ACEITES ESENCIALES	0	55.5	0	0	0	0	0	0	0	0	0	0	0	0	0	0	0	0	0	0	0	0	0	7.6	0	47.9
PAPEL Y CARTON	191.9	1137.5	0	112.2	0	85.1	0	79.8	33.9	14.5	0	63.2	0	75.4	0	99.3	0	67.2	0	149.8	0	40	0	157.6	158	193.4
PESCADO Y MOLUSCOS	0	4.4	0	1.4	0	0	0	0	0	0	0	0	0	0	0	0	0	0	0	0	0	3	0	0	0	0
PINTURAS Y BARNICES	10.6	14051.4	0	764.5	0	835.3	0	1452.5	0	1297.7	0	1666.8	0	1345.9	10.6	790.3	0	1921.3	0	552.8	0	1582.6	0	981.8	0	859.9
PREPARADOS A BASE DE CEREALES	0	303	0	68	0	12.7	0	10.2	0	17	0	7	0	26.7	0	6.6	0	12.8	0	23.4	0	14.1	0	96.8	0	7.7
"PREPARADOS DE CARNE, PESCADO, CRUSTACEOS Y MOLUSCOS"	0	439.6	0	34.1	0	55.9	0	6.6	0	37.9	0	6.1	0	49.5	0	2.4	0	71.5	0	25.8	0	30.5	0	104.5	0	14.8
PREPARADOS DE LEGUMBRES Y HORTALIZAS	0	197.3	0	0	0	0.1	0	0	0	0.2	0	71.5	0	0.4	0	0	0	122.5	0	0.8	0	0.2	0	1.7	0	0
PREPARADOS DE FRUTAS	0	117.7	0	12.3	0	4.4	0	17.6	0	8.1	0	16.5	0	4.5	0	32.1	0	3.2	0	7.9	0	5.1	0	3.7	0	2.3
"PRODUCTOS DE PERFUMERIA, TOCADOR Y COSMETICOS"	0	139	0	0	0	0.1	0	12	0	22.1	0	8.7	0	33.2	0	1.3	0	2.9	0	14.1	0	9.4	0	30.3	0	4.9
PRODUCTOS DIVERSOS DE LA INDUSTRIA QUIMICA	0.4	7604.9	0	1001.1	0	586.6	0	576.5	0	485.8	0	473.2	0	510.7	0	442.9	0	719.6	0	903.9	0.4	671.7	0	714.3	0	518.5
PRODUCTOS FARMACEUTICOS	0	3533	0	353.5	0	247.9	0	130.2	0	1089.3	0	231.7	0	211.1	0	198.9	0	273.7	0	251.8	0	198.6	0	170.6	0	175.8
PRODUCTOS FOTOGRAFICOS Y CINEMATOGRAFICOS	0	104.8	0	2.2	0	11.3	0	0.1	0	19.6	0	0	0	1.4	0	1.4	0	61.2	0	0.8	0	3.9	0	1.4	0	1.4
"ROPA DE CAMA, DE MESA, TOCADOR, COCINA Y BA&O"	0.3	26.8	0.1	0.1	0	0.1	0.1	4.2	0	9	0	0	0	0.2	0.2	0.1	0	6.1	0	0.5	0	0.2	0	0.4	0	5.9
"SALSAS, CONDIMENTOS Y SAZONADORES COMPUESTOS"	0	37.7	0	9.3	0	5.1	0	1.1	0	1.9	0	3.4	0	3.7	0	0.7	0	1	0	4.5	0	4	0	2.6	0	0.3
"SOMBREROS, PARAGUAS, TAPASOLES, OTROS"	0	9.2	0	0.2	0	0.3	0	1	0	0.6	0	0.6	0	0.3	0	0.3	0	3.4	0	0	0	1.5	0	0.7	0	0.2
TUBERIA Y SUS ACCESORIOS	1.7	1263.9	0	71.2	1.7	61	0	138.9	0	90.4	0	127.3	0	15	0	188.5	0	57.6	0	50.7	0	122.9	0	271.4	0	69
VEHICULOS Y MATERIAL DE TRANSPORTE	7.4	83230.3	0	6086.9	6.2	7508	0	7833.8	0.8	6878	0	5977.7	0	12573	0.4	3580.5	0	9985	0	5094.4	0	4320.1	0	5194.7	0	8198.1
VIDRIO Y SUS MANUFACTURAS	0.5	62.5	0	1.5	0	4.7	0.2	1	0	12.4	0	1.1	0.1	2.8	0	6.8	0	6.1	0	4.7	0.2	10.3	0	6	0	5
INDUSTRIAS EXTRACTIVAS	78957.6	57026.5	3812.5	898.2	6364.2	2489.6	8381.6	139.9	2309.6	427.7	8289.4	372.5	11689.4	69	3589.4	5198.2	11032.7	9732	6922.6	23901.8	4885.6	11645.1	10617.5	165.6	1063.1	1986.9
ALUMINIO	1117.9	419.1	11.6	4.3	14.8	61	22.5	59.9	19.8	64	13.7	71.7	25.8	0	23	6.4	24.7	1.7	161.3	0.5	197.5	79.4	370.9	0	232.4	70.2
ASFALTO	0	62.5	0	0	0	0	0	20	0	0	0	0	0	21	0	0	0	0	0	0	0	0	0	0	0	21.5
CEMENTO	0	6158.9	0	0	0	2385.5	0	0	0	0	0	0	0	0	0	0	0	1869.1	0	1904.4	0	0	0	0	0	0
COBRE Y SUS MANUFACTURAS	1.7	32.1	0	2.8	0.8	1.1	0	0	0	0.2	0	0.1	0	0	0	20	0	0.9	0.5	0	0	1.4	0.4	5.6	0	0
DESPERDICIOS Y DESECHOS DE METALES (CHATARRA)	344.6	0	11.3	0	35.8	0	58.3	0	43.6	0	36	0	5.3	0	16.5	0	12.5	0	48.8	0	45.5	0	25.1	0	5.9	0
DIESEL	0	8227.8	0	0	0	0	0	0	0	0	0	0	0	0	0	94.5	0	135	0	7998.4	0	0	0	0	0	0
ESTA&O	0	0.8	0	0	0	0	0	0	0	0	0	0	0	0	0	0	0	0.8	0	0	0	0	0	0	0	0
GASES INDUSTRIALES	0	192	0	22.9	0	0	0	20.9	0	20.1	0	20.2	0	21.1	0	0	0	0	0	22	0	0	0	64.8	0	0
GASOLINA	0	23977.5	0	0	0	0	0	0.6	0	0	0	0	0	0	0	0	0	0.1	0	13949.6	0	10027.2	0	0	0	0
HIERRO Y ACERO	0	5144.6	0	836.5	0	4.1	0	34.4	0	340.7	0	205.1	0	13	0	83.1	0	145.8	0	1.7	0	1520.7	0	74.5	0	1885
KEROSENE	0	12540.4	0	0	0	0	0	0	0	0	0	0	0	0	0	4987.4	0	7553	0	0	0	0	0	0	0	0
OTROS DERIVADOS DE PETROLEO	0	150.3	0	24.5	0	3.2	0	2	0	2.6	0	68.2	0	13.1	0	0.3	0	19.3	0	1.6	0	2.6	0	6.8	0	6.2
OTROS METALES COMUNES	0	2.3	0	0	0	0	0	2.2	0	0	0	0	0	0	0	0	0	0	0	0	0	0	0	0	0	0
PIEDRAS Y METALES PRECIOSOS Y SEMI PRECIOSOS	0	1.3	0	0	0	0	0	0	0	0	0	0	0	0.8	0	0	0	0	0	0	0	0	0	0.5	0	0
PLOMO	66024.7	0	3505.2	0	5067.3	0	7552.6	0	1485.6	0	7539.5	0	10078.1	0	3004.4	0	9890.3	0	5970.8	0	3701	0	8229.8	0	0	0
PRODUCTOS MINERALES DIVERSOS	0	117	0	7.2	0	34.7	0	0	0	0.1	0	7.2	0	0	0	6.5	0	6.3	0	23.7	0	13.8	0	13.5	0	4
ZINC	11468.7	0	284.5	0	1245.5	0	748.2	0	760.6	0	700.2	0	1580.2	0	545.5	0	1105.3	0	741.2	0	941.6	0	1991.3	0	824.7	0
