	Importaciones	Exportaciones	Importaciones	Exportaciones	Importaciones	Exportaciones	Importaciones	Exportaciones	Importaciones	Exportaciones	Importaciones	Exportaciones	Importaciones	Exportaciones	Importaciones	Exportaciones	Importaciones	Exportaciones	Importaciones	Exportaciones	Importaciones	Exportaciones	Importaciones	Exportaciones	Importaciones	Exportaciones
TOTAL (AGROPECUARIA + MANUFACTURERA + EXTRACTIVA)	118960.7	108607.6	12432.9	9419	6157.2	11161.9	7227.8	10731.4	9132.8	11321.6	11781	7056.4	9449.4	6644.5	11517.9	7414.2	11381.5	13079	7920	7360.7	8079.1	4017.7	11474.4	16014.5	12406.5	4386.7
INDUSTRIAS AGROPECUARIAS	996.8	43941.6	64.7	2203.8	36.4	4461.7	187.9	3235.4	42.1	6451.7	112.6	4709	60.7	4363	50	4424.4	123.2	6546.7	61.7	4656	104.7	1230.8	88.4	191.7	64.2	1467.6
ANIMALES VIVOS DIVERSOS	0.8	0	0	0	0	0	0	0	0	0	0	0	0.8	0	0	0	0	0	0	0	0	0	0	0	0	0
ARROZ	0	0	0	0	0	0	0	0	0	0	0	0	0	0	0	0	0	0	0	0	0	0	0	0	0	0
BANANO	0	14128.2	0	0	0	0	0	291.6	0	1405.4	0	765.2	0	676.2	0	1102.7	0	4815.9	0	3855.4	0	498.4	0	0	0	717.5
"BULBOS, RAICES Y PLANTAS ORNAMENTALES"	17.9	346.7	0	16.1	0	24.3	6.7	38.1	6.8	23.5	0	52.6	0	14.5	4.3	57	0	6.6	0	9.2	0	19.6	0	41.2	0.1	44
CAFE	0	28947.4	0	2160.1	0	4390.5	0	2819.6	0	5008	0	3808.7	0	3604.9	0	3264.7	0	1642.6	0	736.8	0	701.5	0	115.5	0	694.4
CARDAMOMO	0	17.3	0	15	0	0	0	0	0	0	0	0	0	0	0	0	0	0	0	2.3	0	0	0	0	0	0
CAUCHO NATURAL (HULE)	618.1	165.3	61.5	0	0	28.7	28.9	59	0	0	55.8	0	56.2	0	30.5	0	121.9	0	61.4	52.1	88.2	0	85.2	25.5	28.6	0
"FRUTAS FRESCAS, SECAS O CONGELADAS"	167.9	75.2	0	2.5	36.3	14.6	35.1	25.4	35	14.7	33.9	0	0	0	0	0	0	0	0	0	0	9.4	0	4.7	27.6	3.9
MIEL DE ABEJAS	0	230.5	0	0	0	0	0	0	0	0	0	81.6	0	67.3	0	0	0	81.6	0	0	0	0	0	0	0	0
OTROS PRODUCTOS DEL REINO ANIMAL Y VEGETAL	0.2	31	0	10.1	0	3.5	0	1.6	0.2	0.1	0	1	0	0	0	0	0	0	0	0.3	0	1.9	0	4.8	0	7.8
"PLANTAS, SEMILLAS Y FRUTAS PARA USO MEDICO Y PERFUMERIA"	191.8	0	3.1	0	0.1	0	117.2	0	0.3	0	22.9	0	3.7	0	15.3	0	1.4	0	0.3	0	16.5	0	3.2	0	7.9	0
INDUSTRIAS MANUFACTURERAS	116514.7	12930.8	12213.7	557.5	5973.5	671.8	6873.5	1229.9	9042.4	543.1	11592.3	1030.1	9330	967.2	11203.1	1122.6	11073.7	1685.1	7797.1	1704.6	7818.6	1292.8	11297.1	975.9	12299.8	1150
ABONOS Y FERTILIZANTES	760.1	0	86.1	0	86.4	0	116.4	0	69.2	0	38.8	0	0	0	0	0	295.5	0	0.8	0	7.1	0	15.2	0	44.5	0
ALIMENTOS PREPARADOS PARA ANIMALES	41.3	0	0	0	0	0	0	0	41.3	0	0	0	0	0	0	0	0	0	0	0	0	0	0	0	0	0
APARATOS ELECTROMECANICOS DE USO DOMESTICO	914.6	0.7	110.3	0	42.2	0	63.5	0.7	41.9	0	92.8	0	114.5	0	36.2	0	103.5	0	129	0	97.2	0	34.2	0	49.4	0
APARATOS DE REGISTRO Y REPRODUCCION DE SONIDO	89.8	0	14.1	0	8.5	0	0.1	0	1.5	0	7.7	0	9.9	0	6.8	0	5.7	0	5.5	0	3.7	0	10.4	0	15.8	0
APARATOS TRANSMISORES Y RECEPTORES	2280.7	8.1	38.4	0	4.4	0	292	0	38.4	0	402.2	0	260.8	0	407.6	0	20.7	0	29.1	2.8	2.7	0	450.6	5.3	333.8	0
ARMAS Y MUNICIONES	671.8	0	0	0	0	0	0	0	0	0	220.1	0	212.6	0	48.9	0	0	0	0	0	190.2	0	0	0	0	0
ARTICULOS DE VESTUARIO	1260.3	3756.4	165.1	208.1	13.3	169.2	90.4	339	120.7	160.2	57.2	454.8	71.3	435.2	222.7	292.1	277.5	339.7	1.7	77.1	79	435.8	72.2	485.8	89.2	359.2
AZUCAR	0	818.3	0	0	0	0	0	0	0	0	0	0	0	0	0	172.8	0	172.8	0	33.1	0	109.5	0	124.6	0	205.5
AZUCARES Y ARTICULOS DE CONFITERIA	87.2	0	24.3	0	0	0	0.5	0	0	0	1	0	0	0	1.6	0	0.4	0	53.4	0	0.9	0	3.7	0	1.4	0
BATERIAS ELECTRICAS	60.8	0	0	0	22.6	0	3.8	0	4.4	0	0	0	22.5	0	0	0	4	0	1.2	0	0	0	2.3	0	0	0
BEBIDAS LIQUIDOS ALCOHOLICOS Y VINAGRES	1392.8	3256.5	53.2	185.1	69.5	285.6	183.8	410.7	44.9	239.6	214	274.1	61.7	46	121.1	262.5	114.6	531.9	62.6	433.3	131	354.6	160.1	66	176.3	167.1
CAFE SOLUBLE Y MOLIDO	1.8	0.4	0	0	0	0	0	0	0	0	0	0.4	0	0	0	0	0	0	1.8	0	0	0	0	0	0	0
CALZADO	173.3	0.1	4.8	0	0	0	54.2	0.1	14.5	0	2.9	0	6.4	0	12.6	0	60.3	0	0	0	3.1	0	11.2	0	3.3	0
CAMARON Y LANGOSTA	0	1249.4	0	0	0	0	0	0	0	0	0	0	0	266.8	0	189.7	0	205.2	0	97.2	0	212.4	0	97.4	0	180.9
CERAS	20.7	2.1	4.7	0	8.9	0	1.1	0	0.1	0	0.4	0	0	0	1.9	0	0	0	1.5	2.1	0	0	1.1	0	1.1	0
CLAVOS Y TORNILLOS	221.8	0	8.2	0	16.9	0	11.7	0	19	0	50.1	0	27	0	6.4	0	29	0	1.8	0	17.3	0	15.6	0	18.7	0
DETERGENTES Y JABONES	774.6	0	38.7	0	23.6	0	78	0	166.3	0	94.1	0	45.5	0	0.8	0	73.6	0	42.7	0	53.5	0	131.9	0	25.9	0
"DISCOS, MATRICES Y CINTAS (DE GRABACION)"	1.2	0	0	0	0	0	0	0	0	0	0	0	0	0	1.2	0	0	0	0	0	0	0	0	0	0	0
GRASAS Y ACEITES COMESTIBLES	449.3	0	0	0	43.7	0	1.3	0	135.6	0	0	0	58.6	0	0	0	62.6	0	0	0	92.5	0	55	0	0	0
HARINAS DE CEREALES	14.6	0	0.3	0	0	0	2.7	0	0.3	0	0.3	0	1.7	0	1.3	0	0	0	1.9	0	0	0	3.4	0	2.7	0
HERRAMIENTAS ARTICULOS DE CUCHILLERIA	797.9	0.1	57.8	0	25.3	0	40.6	0.1	23.2	0	82.1	0	57.2	0	43	0	104.9	0	49.6	0	164.1	0	100.2	0	49.9	0
HILOS E HILAZAS	206.8	0	34.3	0	0	0	12.7	0	21.8	0	0	0	39.9	0	8.7	0	57.2	0	4	0	0.4	0	8.9	0	19	0
"INSECTICIDAS, FUNGICIDAS Y DESINFECTANTES"	59.8	0	0	0	0	0	0	0	0	0	0	0	0.7	0	0	0	0	0	59	0	0	0	0	0	0	0
INSTRUMENTAL MEDICO Y OTROS	3170.5	7.1	218.3	0	118.6	0	202.6	0.2	179.8	0	220.8	0	215.7	0	486.9	0	891.5	0	97.6	6.9	173.9	0	153.7	0	210.9	0
"JUGUETES, JUEGOS Y ARTICULOS DE RECREO Y DEPORTES"	431.1	1.1	34.4	0	0	0.1	1.9	0	35.2	0	3.5	0	5.4	0	12.3	0	215.7	0	31	0.9	18.2	0	70.1	0	3.3	0.1
LAMINA Y ALAMBRE	938.1	12.5	228.5	0	5	0	97.5	0	21.4	0	7.8	0	56.6	0	187.8	0	145.8	0	54.4	12.5	103.5	0	28.2	0	1.6	0
LECHE Y OTROS PRODUCTOS LACTEOS	213	0	0.1	0	0	0	2	0	4.3	0	13.2	0	1.6	0	32.2	0	0	0	9.7	0	30	0	3.4	0	116.5	0
MANUFACTURAS DE CAUCHO	588.3	0	111	0	50.4	0	17.9	0	38	0	62	0	32.5	0	103.4	0	47.1	0	57.3	0	14.4	0	35.9	0	18.4	0
MANUFACTURAS DE CERAMICA	1716.8	2.3	308.9	0	114.9	0.9	70.6	0.1	42.6	0	190.8	0	101.7	0	152.5	0	350.4	0	107.7	0	135.5	1.3	98.6	0	42.5	0
MANUFACTURAS DE CUERO	74.8	0	18.5	0	0	0	1.8	0	2	0	15.7	0	12.3	0	9.4	0	1.4	0	0.1	0	3.2	0	3.8	0	6.8	0
MANUFACTURAS DE MADERA	152.1	1952.9	9.4	113.2	20.3	180.5	0.4	272.2	11.3	143.2	2.5	218.7	6.6	170.3	18.1	102.7	10.7	227	38.1	174.4	5.2	99.7	26.4	154.6	3.2	96.3
MANUFACTURAS DE PAPEL Y CARTON	3964	138.6	263	0	174.5	0	396.8	0.2	495.7	0	255.4	1.8	463.9	0.3	308.4	0.2	518.8	0	292.2	136.1	158.6	0	375.9	0	260.9	0
"MANUFACTURAS DE PIEDRA, CEMENTO, YESO, ETC"	83.9	0	2.4	0	7.9	0	21.1	0	4.2	0	1.3	0	29.4	0	0	0	12.8	0	1.1	0	3.5	0	0	0	0.2	0
MANUFACTURAS DE PIEDRAS Y METALES PRECIOSOS Y SEMI PRECIOSOS	170.7	7.8	38.3	0	8.5	0.3	6.1	0	0.6	0	6.5	0	9.9	0	4.1	0	45.6	0	2.7	0	2.3	7.4	33.8	0	12.3	0.2
MANUFACTURAS DE PIELES	1764.5	0	157.3	0	68.1	0	1.4	0	103.3	0	714.7	0	406.9	0	94.5	0	20	0	76.4	0	88.5	0	0	0	33.5	0
MANUFACTURAS DIVERSAS	3604.8	8.3	1137	0	34.9	3	195.4	0.2	106.7	0	110.2	0	325.5	0	335.5	0	291.1	0	200.1	2.5	222.4	1.5	151.2	0	494.6	1
MAQUINAS Y APARATOS MECANICOS PARA USOS ELECTROTECNICOS	51228.6	79.8	5970.6	0.5	3373.7	0.1	2050	1.3	3536.9	0	4816.7	0	3620	0.1	4230.3	0	4080.4	29.3	3688.8	36.9	2172	0	5666.7	0	8022.5	11.7
MATERIALES PLASTICOS Y SUS MANUFACTURAS	5627.2	65.3	514.1	4.1	277.5	0.8	583.5	0	450.8	0	187	0	768.3	0	800.4	0	360.6	0	265.3	1.3	638.7	29.5	429.4	0	351.5	29.5
MATERIALES TEXTILES (TEJIDOS O TELAS)	1392.5	28.9	19.6	0	3	0	219.6	0	269.3	0	340.8	0	140.5	0	225.2	0	97.5	28.9	13.9	0	9.1	0	42.8	0	11.2	0
"MUEBLES PARA EL HOGAR, OFICINA, MEDICOQUIRURGICO, ETC."	2468.7	4.4	198.6	0	80	0	232.9	1.9	474.7	0	175	0	24.7	0	132.2	0	245.7	0	384.4	2.5	160.7	0	267.6	0	92.3	0.1
NEUMATICOS Y TUBOS	43.6	0	0	0	0	0	0.1	0	12.6	0	18.8	0	1.6	0	1.1	0	0	0	0	0	0	0	0	0	9.4	0
"OBJETOS DE ARTE, PARA COLECCIONES Y ANTIGUEDADES"	17.1	1	0	0	0	0	0	0	2.2	0	0	0	10	0	0	0	0	0	0	1	2.2	0	2.7	0	0	0
OTRAS MANUFACTURAS DE METALES COMUNES	3133.4	65.7	450.8	0	51.5	0	402.5	34.3	303	0	257.5	0	123.5	0	247	2.1	217.9	0	316	29.3	268.9	0	452.5	0	42.2	0
OTROS ACEITES ESENCIALES	34	12.8	0	0	0	0	0	12.8	0	0	0	0	0	0	0	0	0	0	14.1	0	0	0	0	0	20	0
PAPEL Y CARTON	188.6	49.9	69.9	0	1.1	30	0.1	0.1	0	0	22.9	0	50.2	0.6	15.5	0.6	0	0	15	0	0	0.6	1.3	0	12.6	18.1
PINTURAS Y BARNICES	1703.1	0	112.5	0	27.3	0	118.6	0	213.2	0	206	0	135.1	0	213.4	0	95.6	0	81.3	0	199.8	0	113.2	0	187.1	0
PREPARADOS A BASE DE CEREALES	592.8	0	34.2	0	34	0	105.8	0	17	0	35.7	0	36.2	0	55.5	0	66.1	0	38.7	0	77.2	0	41.3	0	51.3	0
"PREPARADOS DE CARNE, PESCADO, CRUSTACEOS Y MOLUSCOS"	88.8	0	0	0	0	0	3.2	0	1.3	0	0	0	1.6	0	39.9	0	0	0	18.1	0	4.1	0	4	0	16.5	0
PREPARADOS DE LEGUMBRES Y HORTALIZAS	191.5	0	27.8	0	16.4	0	25.7	0	0	0	0	0	21.2	0	0	0	38.9	0	2.5	0	34.3	0	4.4	0	20.3	0
PREPARADOS DE FRUTAS	189.6	528	45.1	40	0	0	0	80	39.1	0	0	80	18.8	48	0	40	0	80	21.6	0	45.5	40	0	40	19.4	80
"PRODUCTOS DE PERFUMERIA, TOCADOR Y COSMETICOS"	606.8	0	63.4	0	1.6	0	156	0	75.4	0	91	0	52	0	0.5	0	70.7	0	21	0	48	0	4.8	0	22.5	0
PRODUCTOS DIVERSOS DE LA INDUSTRIA QUIMICA	3682.7	240.8	128.5	0	437.5	0	273	50	359.9	0	246.5	0	445.4	0	264.1	60	416.1	65	262.4	65	313.1	0	212.3	0.8	323.9	0
PRODUCTOS FARMACEUTICOS	5316.9	0	525.8	0	265.2	0	395.7	0	434.2	0	546.4	0	363.9	0	531.2	0	244.9	0	498.3	0	816.3	0	503.2	0	191.9	0
"ROPA DE CAMA, DE MESA, TOCADOR, COCINA Y BA&O"	37.3	3.1	3.4	0	1	1.3	0.2	0.2	23.8	0	0.7	0.1	2	0	0.6	0	3.2	0	0.1	0.4	0	0.5	0.1	0	2.4	0.6
"SALSAS, CONDIMENTOS Y SAZONADORES COMPUESTOS"	42.9	0	0	0	3.3	0	0	0	10.4	0	1.2	0	7.2	0	0.4	0	4.7	0	3.6	0	0	0	11.3	0	0.8	0
"SOMBREROS, PARAGUAS, TAPASOLES, OTROS"	101.6	0.1	13.2	0	0	0	14	0	1.1	0	4.5	0	18.2	0	3.1	0	8	0	1.9	0.1	12.7	0	14.3	0	10.6	0
TUBERIA Y SUS ACCESORIOS	1603.2	20.6	234.8	0	156.4	0	76.5	0	185.4	0	28.3	0	145.1	0	199.4	0	66.6	0	74.8	20.6	72.4	0	195.3	0	168.3	0
VEHICULOS Y MATERIAL DE TRANSPORTE	9778.8	600.7	595.2	6.5	270.8	0	198.1	25.5	795.6	0	1526.7	0	504.2	0	1401.5	0	1072.6	0	625.3	568.6	927.8	0	1218.1	0	643.1	0
VIDRIO Y SUS MANUFACTURAS	1291.2	7	39.1	0	4.7	0	49.4	0.1	48.4	0	218.5	0	181.6	0	175.8	0	224.1	5.5	36.4	0.1	213.8	0	55	1.3	44.4	0
INDUSTRIAS EXTRACTIVAS	1449.3	51735.2	154.5	6657.7	147.3	6028.5	166.4	6266.1	48.2	4326.8	76.1	1317.3	58.7	1314.3	264.8	1867.2	184.5	4847.2	61.2	1000.1	155.9	1494.1	89	14847	42.5	1769.1
ALUMINIO	905.9	0.1	105	0	47.3	0	143.5	0	39.8	0	0	0	19	0	135.2	0	130.5	0	11.8	0.1	154.6	0	85.7	0	33.4	0
ANTIMONIO	0	0	0	0	0	0	0	0	0	0	0	0	0	0	0	0	0	0	0	0	0	0	0	0	0	0
COBRE Y SUS MANUFACTURAS	8.2	0	1.7	0	1.8	0	0.8	0	0	0	0	0	0.1	0	1.1	0	0.1	0	0.7	0	0	0	1	0	1	0
GASES INDUSTRIALES	83.2	0	19.9	0	0	0	21.2	0	0	0	20.9	0	0	0	0	0	21.2	0	0	0	0	0	0	0	0	0
HIERRO Y ACERO	81.2	36706	27.9	6657.7	0.1	5995.8	0	6244	1.1	4326.8	0.1	1299.4	26.5	1314.3	0.1	1840.3	13.1	4783	12.3	1000	0	1476	0	0	0	1768.7
MAGNESIO	4.1	0	0	0	0	0	0	0	0	0	0	0	0	0	1.1	0	3	0	0	0	0	0	0	0	0	0
MARMOL	0	16.2	0	0	0	0	0	0	0	0	0	0	0	0	0	0	0	16.2	0	0	0	0	0	0	0	0
NIQUEL	2.2	0	0	0	0	0	0	0	0	0	0	0	0	0	0	0	2.2	0	0	0	0	0	0	0	0	0
OTROS DERIVADOS DE PETROLEO	276.2	0	0	0	98.1	0	0	0	0.3	0	15.8	0	0	0	126	0	0	0	33.8	0	0	0	2.3	0	0	0
PIEDRAS Y METALES PRECIOSOS Y SEMI PRECIOSOS	4.5	0	0	0	0	0	0.7	0	0	0	3.4	0	0	0	0.4	0	0	0	0	0	0	0	0	0	0	0
PLOMO	0	14821.2	0	0	0	0	0	0	0	0	0	0	0	0	0	0	0	0	0	0	0	0	0	14821.2	0	0
PRODUCTOS MINERALES DIVERSOS	81.8	0.4	0	0	0	0	0	0	7.1	0	35.8	0	13	0	1	0	14.3	0	2.7	0	0	0	0	0	8	0.4
ZINC	1.9	191.3	0	0	0	32.7	0.2	22.1	0	0	0.1	17.8	0	0	0	27	0.1	48	0	0	1.3	18	0	25.7	0.1	0
